28.557538
32.543702
32.55756
32.559862
32.560113
32.562946
32.563896
32.565561
32.565991
32.567521
32.568056
32.56911
32.570376
32.571483
32.57259
32.572863
32.57428
32.57464
32.574883
32.575662
32.576492
32.576755
32.577586
32.578076
32.578147
32.578412
32.579792
32.580036
32.580394
32.58074
32.580987
32.581216
32.583771
32.58389
32.585131
32.585893
32.586724
32.588245
32.597535
32.597696
32.601186
32.602433
32.604521
32.604821
32.604846
32.604909
32.606208
32.606991
32.607148
32.608693
32.60905
32.610552
32.611599
32.613
32.613974
32.615009
32.615099
32.615782
32.61634
32.61654
32.617184
32.618192
32.618587
32.619212
32.620433
32.62045
32.621068
32.621509
32.622847
32.623978
32.62434
32.626212
32.626245
32.629563
32.629855
32.629962
32.630115
32.631836
32.631882
32.634496
32.634541
32.635026
32.635067
32.63691
32.63706
32.63754
32.637841
32.638697
32.641121
32.641995
32.642312
32.64363
32.644498
32.644509
32.644646
32.64473
32.647713
32.647832
32.652419
32.654411
32.657492
32.658631
32.658951
32.659691
32.660733
32.662275
32.662919
32.666477
32.668357
32.668922
32.670167
32.670265
32.671305
32.671336
32.671658
32.672625
32.672688
32.67317
32.673275
32.673326
32.673626
32.674106
32.676117
32.676347
32.677662
32.678027
32.678336
32.679545
32.679771
32.680247
32.680375
32.682473
32.682481
32.685435
32.685779
32.686937
32.689125
32.689738
32.689876
32.691415
32.691728
32.692895
32.693416
32.69368
32.693776
32.695039
32.695229
32.695775
32.696037
32.696178
32.696596
32.697061
32.697859
32.697991
32.698091
32.698221
32.699641
32.700422
32.700519
32.701013
32.701078
32.701186
32.701251
32.70226
32.702541
32.702573
32.702955
32.703071
32.704318
32.704803
32.704869
32.70593
32.708493
32.708783
32.709217
32.709866
32.710521
32.710672
32.710744
32.710776
32.710869
32.711675
32.712474
32.713184
32.713622
32.714535
32.716096
32.716999
32.717252
32.71822
32.718243
32.718538
32.718735
32.718767
32.71882
32.719465
32.720004
32.72014
32.720148
32.720737
32.720981
32.721614
32.722171
32.722212
32.723145
32.723334
32.72363
32.724032
32.724291
32.725016
32.726681
32.727093
32.729565
32.72979
32.730002
32.730027
32.731373
32.731928
32.731947
32.73234
32.732618
32.732833
32.733136
32.733353
32.734224
32.734553
32.734604
32.73464
32.73487
32.735111
32.735382
32.736124
32.736627
32.736646
32.737408
32.737742
32.738225
32.738964
32.73965
32.739748
32.739955
32.740261
32.740348
32.740985
32.741848
32.742068
32.742455
32.744567
32.744714
32.746523
32.746641
32.746688
32.746704
32.746769
32.746891
32.747219
32.747233
32.747334
32.747355
32.747738
32.748522
32.748788
32.748899
32.748933
32.749066
32.749181
32.74977
32.749966
32.750637
32.750873
32.751089
32.751112
32.751134
32.751406
32.752196
32.752562
32.752912
32.753163
32.754171
32.754247
32.7543
32.754316
32.755398
32.755668
32.75643
32.756544
32.756588
32.757235
32.757715
32.757941
32.758067
32.758205
32.759278
32.760648
32.761006
32.761807
32.762125
32.762296
32.762398
32.763159
32.763605
32.764434
32.764886
32.766094
32.766466
32.767861
32.768121
32.768476
32.768524
32.768559
32.769578
32.769798
32.771671
32.772467
32.773075
32.775649
32.775914
32.777018
32.777308
32.777703
32.777802
32.778481
32.778705
32.780012
32.780303
32.781237
32.781407
32.781424
32.782212
32.782889
32.783883
32.7846
32.785814
32.786068
32.786215
32.786369
32.786391
32.786784
32.786875
32.787118
32.787837
32.787992
32.788122
32.788322
32.788377
32.7894
32.790389
32.790843
32.79096
32.79122
32.791306
32.791457
32.791544
32.792195
32.792757
32.792936
32.793205
32.79333
32.793446
32.79345
32.793651
32.794061
32.794081
32.794123
32.794213
32.794551
32.794552
32.795001
32.795491
32.795728
32.795803
32.796557
32.79656
32.796716
32.797
32.797058
32.79752
32.798469
32.798694
32.798811
32.79906
32.799198
32.799316
32.800105
32.800116
32.800127
32.800175
32.800345
32.800493
32.800568
32.801176
32.801304
32.801387
32.80167
32.802082
32.802128
32.802331
32.802426
32.802664
32.803004
32.803118
32.803908
32.804018
32.804219
32.804357
32.804545
32.804756
32.804895
32.805606
32.80584
32.805969
32.806947
32.807012
32.807486
32.808029
32.808038
32.809181
32.809828
32.810202
32.810658
32.811171
32.811331
32.811839
32.812293
32.812329
32.813188
32.813414
32.813712
32.813793
32.814004
32.815699
32.816697
32.817354
32.818575
32.819712
32.819772
32.819994
32.820077
32.820163
32.820202
32.820737
32.820905
32.821319
32.822155
32.824463
32.824581
32.825445
32.826168
32.826849
32.828141
32.829395
32.829402
32.830619
32.831029
32.831382
32.831413
32.83174
32.831963
32.832623
32.832911
32.833098
32.833773
32.833784
32.833926
32.834342
32.83509
32.835866
32.836153
32.836539
32.836739
32.837563
32.83846
32.839099
32.839127
32.840641
32.843501
32.843585
32.843978
32.84456
32.845245
32.846443
32.847402
32.849252
32.849534
32.849821
32.849999
32.852241
32.852336
32.85294
32.853202
32.85413
32.854257
32.854997
32.855052
32.855903
32.857426
32.85754
32.858303
32.858949
32.859156
32.859907
32.860262
32.86031
32.861406
32.862869
32.863748
32.864912
32.866098
32.8681
32.873768
32.876976
32.896299
32.902766
32.905432
32.906083
32.906684
32.908129
32.909392
32.910521
32.910639
32.912806
32.913728
32.91444
32.914994
32.920568
32.925832
32.92617
32.927201
32.92775
32.930113
32.931885
32.933447
32.93374
32.940702
32.941292
32.943732
32.94459
32.94666
32.946961
32.951361
32.952274
32.952343
32.952719
32.953074
32.954051
32.954355
32.954844
32.957102
32.957282
32.957687
32.957834
32.958227
32.9586
32.959076
32.961193
32.961478
32.963402
32.963971
32.965978
32.966098
32.966181
32.967446
32.967714
32.968895
32.969268
32.96979
32.972807
32.973035
32.973184
32.973739
32.978438
32.978837
32.980079
32.980959
32.982799
32.982981
32.983852
32.984248
32.984718
32.984724
32.990055
32.993781
32.994117
32.994569
32.994736
32.996432
32.996963
32.997307
32.998186
33.000416
33.004226
33.004706
33.005332
33.00809
33.009127
33.014022
33.017497
33.017802
33.017962
33.01841
33.019244
33.020682
33.02156
33.022469
33.023794
33.025072
33.026693
33.026732
33.027578
33.030276
33.031428
33.032728
33.03511
33.036352
33.039329
33.040303
33.04175
33.043014
33.043535
33.04642
33.056895
33.057958
33.058031
33.069318
33.07233
33.073174
33.076002
33.076521
33.077026
33.077148
33.078652
33.078733
33.08092
33.085088
33.086108
33.094212
33.096648
33.097333
33.100897
33.101105
33.104528
33.105213
33.105238
33.105691
33.11091
33.111293
33.111517
33.118447
33.118598
33.118648
33.123896
33.124245
33.125311
33.12562
33.12568
33.125774
33.125934
33.128769
33.129173
33.129538
33.130114
33.131217
33.132532
33.133079
33.133776
33.133984
33.134458
33.136021
33.136069
33.136548
33.137299
33.137327
33.137796
33.138557
33.138743
33.138759
33.139991
33.141439
33.143074
33.14331
33.143938
33.144631
33.145774
33.146301
33.146459
33.146468
33.14688
33.149354
33.149936
33.150325
33.151564
33.154275
33.157345
33.157354
33.158836
33.159406
33.160061
33.161119
33.162389
33.163296
33.163375
33.164616
33.168797
33.169678
33.172202
33.173183
33.173625
33.175027
33.177448
33.177449
33.179125
33.180768
33.18527
33.186065
33.186994
33.188603
33.188804
33.189663
33.190219
33.197067
33.197808
33.198329
33.199585
33.199654
33.199722
33.199727
33.201129
33.203627
33.203722
33.203752
33.204595
33.204601
33.204617
33.204718
33.204724
33.205348
33.205632
33.205748
33.206266
33.206738
33.207338
33.20744
33.208002
33.208361
33.209643
33.210039
33.212677
33.21551
33.215865
33.217954
33.218499
33.219179
33.219742
33.22002
33.220397
33.220903
33.221056
33.221202
33.221302
33.222546
33.222677
33.224102
33.22642
33.22761
33.231834
33.236019
33.236679
33.237924
33.238121
33.238136
33.239075
33.239526
33.241429
33.246419
33.252057
33.254084
33.254669
33.25482
33.255189
33.256082
33.25713
33.262833
33.264143
33.265478
33.27158
33.2803
33.282681
33.286036
33.287173
33.297398
33.299562
33.307189
33.315703
33.321569
33.338403
33.347613
33.348525
33.367626
33.370116
33.376755
33.378028
33.378485
33.379493
33.387021
33.388721
33.38993
33.403126
33.413488
33.428657
33.429356
33.437782
33.43984
33.441359
33.447198
33.450213
33.450697
33.458703
33.461154
33.46402
33.46813
33.468423
33.469114
33.469332
33.470034
33.470106
33.472561
33.474801
33.47806
33.48094
33.483087
33.483329
33.483948
33.487896
33.488554
33.489838
33.490144
33.490649
33.491678
33.49456
33.495283
33.497768
33.497792
33.497809
33.499262
33.501102
33.502701
33.503234
33.503529
33.504992
33.50525
33.505347
33.505853
33.506148
33.507362
33.509119
33.50991
33.510021
33.514312
33.516047
33.518479
33.526064
33.52658
33.527372
33.52883
33.538404
33.539237
33.539473
33.540372
33.542536
33.54432
33.544991
33.545141
33.545524
33.546389
33.5481
33.549113
33.553008
33.553367
33.55353
33.55354
33.554458
33.556748
33.556779
33.558721
33.560522
33.561762
33.562022
33.562079
33.562349
33.562528
33.563297
33.564441
33.56464
33.565742
33.567081
33.567469
33.568589
33.568703
33.569234
33.569588
33.571543
33.571618
33.572437
33.57443
33.575081
33.576356
33.577492
33.578052
33.578233
33.578593
33.579598
33.580725
33.580766
33.580797
33.58579
33.587508
33.58864
33.591811
33.595298
33.595578
33.596442
33.597054
33.597618
33.598621
33.598714
33.599402
33.6
33.601471
33.602942
33.603728
33.604142
33.604185
33.604295
33.605408
33.60586
33.606072
33.606585
33.606851
33.607397
33.607649
33.608417
33.609717
33.6101
33.610772
33.611214
33.611581
33.612952
33.613166
33.613253
33.61446
33.614556
33.614761
33.615094
33.615585
33.615852
33.616188
33.616819
33.617322
33.61753
33.617858
33.619345
33.620344
33.620658
33.620997
33.621112
33.62127
33.622894
33.623206
33.623364
33.623464
33.623477
33.626182
33.62648
33.627919
33.628801
33.629017
33.629643
33.629854
33.629976
33.630623
33.631196
33.63141
33.632002
33.632614
33.633672
33.636973
33.639713
33.639808
33.639925
33.640172
33.641141
33.642201
33.643346
33.644024
33.644284
33.644801
33.644979
33.646258
33.646264
33.646536
33.6473
33.647499
33.647835
33.648302
33.648739
33.648939
33.649802
33.650225
33.650618
33.651079
33.651897
33.652241
33.652933
33.653185
33.653336
33.653428
33.653879
33.655311
33.655919
33.65592
33.655994
33.656301
33.657461
33.657527
33.657616
33.658839
33.658932
33.659097
33.660732
33.660993
33.66246
33.662467
33.663685
33.664853
33.664858
33.664936
33.665035
33.665056
33.665164
33.667026
33.668173
33.668658
33.668707
33.668827
33.668873
33.668952
33.669066
33.669177
33.669925
33.670122
33.670184
33.67105
33.671206
33.671452
33.671638
33.672528
33.672935
33.672968
33.674343
33.674347
33.674712
33.675357
33.675358
33.675388
33.67548
33.676228
33.67667
33.677157
33.677268
33.677269
33.677279
33.677625
33.677961
33.678256
33.679528
33.679652
33.680624
33.680802
33.680859
33.680934
33.681031
33.681088
33.681519
33.681817
33.682052
33.682122
33.682134
33.682477
33.682888
33.68318
33.683857
33.684571
33.685065
33.685421
33.685526
33.685753
33.686527
33.686648
33.686672
33.686987
33.687163
33.6875
33.687811
33.687829
33.688652
33.688843
33.688994
33.691677
33.693573
33.693661
33.693843
33.6943
33.695769
33.696451
33.696516
33.696585
33.696647
33.696939
33.697065
33.697963
33.698123
33.698263
33.698534
33.699013
33.699053
33.700131
33.701744
33.701906
33.702386
33.70271
33.702846
33.704318
33.704698
33.704758
33.704823
33.704942
33.705379
33.705745
33.705789
33.706298
33.706318
33.706597
33.707
33.707484
33.707806
33.708544
33.708698
33.709076
33.709156
33.709297
33.709682
33.710261
33.710812
33.711015
33.711533
33.711581
33.711794
33.711933
33.712046
33.712282
33.712354
33.712551
33.713392
33.713444
33.713573
33.713907
33.71392
33.713992
33.714019
33.714063
33.714238
33.71479
33.71579
33.715969
33.716019
33.716138
33.71624
33.716541
33.716601
33.717239
33.717867
33.718044
33.718208
33.718733
33.718948
33.718993
33.719
33.71901
33.720024
33.720098
33.720647
33.720694
33.720712
33.720811
33.720865
33.721351
33.721428
33.721734
33.721861
33.722027
33.722049
33.722069
33.723019
33.723061
33.723063
33.723443
33.723683
33.72404
33.72491
33.724937
33.725017
33.725059
33.725218
33.725527
33.725715
33.725833
33.726051
33.726721
33.726803
33.726928
33.727177
33.727256
33.727508
33.727857
33.727865
33.727937
33.727944
33.728023
33.728221
33.729229
33.729465
33.730288
33.730493
33.730549
33.730772
33.731186
33.731592
33.731936
33.732107
33.732195
33.732213
33.732382
33.732459
33.73255
33.733096
33.733203
33.73326
33.73331
33.7336
33.733753
33.733947
33.734081
33.73417
33.734173
33.734314
33.734946
33.73499
33.735128
33.735185
33.735317
33.735594
33.735679
33.73595
33.735988
33.736183
33.736723
33.736726
33.73674
33.737406
33.737407
33.737466
33.737469
33.737498
33.737532
33.737595
33.737693
33.738076
33.738082
33.738234
33.738375
33.738708
33.739481
33.739583
33.739608
33.739862
33.739934
33.739984
33.740023
33.740444
33.740542
33.74068
33.740718
33.740756
33.740781
33.740849
33.74102
33.741198
33.741539
33.741734
33.741849
33.741874
33.742466
33.742883
33.742918
33.743023
33.743376
33.743449
33.743971
33.743997
33.744067
33.744431
33.744509
33.744724
33.744877
33.744938
33.745663
33.746284
33.746497
33.746546
33.746736
33.746928
33.747037
33.747039
33.747457
33.747779
33.747948
33.748512
33.748558
33.74944
33.749528
33.749735
33.74982
33.749951
33.750007
33.750111
33.750335
33.750379
33.750853
33.751018
33.75139
33.751413
33.751522
33.751693
33.751823
33.752197
33.752225
33.752345
33.752347
33.752694
33.753104
33.753164
33.753195
33.75333
33.753458
33.753574
33.753609
33.753779
33.754026
33.754099
33.754133
33.7544
33.754946
33.754992
33.75588
33.755981
33.756036
33.756122
33.756253
33.75649
33.756866
33.756871
33.756897
33.757965
33.758403
33.758847
33.759417
33.759964
33.75997
33.761142
33.761434
33.761785
33.762005
33.76216
33.762289
33.762477
33.76254
33.76279
33.763154
33.763325
33.763504
33.763539
33.763659
33.763666
33.763687
33.764243
33.764265
33.764452
33.764456
33.764505
33.764824
33.764861
33.764917
33.765376
33.765436
33.765628
33.7659
33.766016
33.766328
33.766596
33.766616
33.766675
33.766688
33.766795
33.766807
33.76701
33.767597
33.767629
33.767638
33.767698
33.768242
33.768388
33.76942
33.769463
33.769897
33.77049
33.770614
33.771031
33.771057
33.771228
33.771233
33.771243
33.771251
33.771559
33.771964
33.772711
33.773086
33.773354
33.773699
33.773724
33.773795
33.773801
33.773824
33.774103
33.774123
33.774962
33.775444
33.775459
33.775463
33.77554
33.776253
33.776824
33.777306
33.777551
33.777606
33.777645
33.777936
33.778487
33.778937
33.778974
33.779096
33.779529
33.779589
33.779635
33.779952
33.780172
33.780219
33.780839
33.780869
33.780938
33.781087
33.781312
33.78144
33.781603
33.7817
33.782429
33.782669
33.782746
33.783525
33.783685
33.783991
33.784352
33.784543
33.784683
33.784691
33.784876
33.785053
33.78519
33.785281
33.785421
33.785549
33.785712
33.785788
33.785866
33.786041
33.78611
33.786113
33.786314
33.786362
33.786608
33.786944
33.786945
33.78705
33.787389
33.787468
33.787541
33.787562
33.787616
33.788167
33.78817
33.788302
33.788436
33.789022
33.78912
33.78937
33.78967
33.790043
33.790415
33.790675
33.791046
33.791056
33.791361
33.791734
33.79182
33.791951
33.792399
33.792504
33.792531
33.79274
33.792782
33.793161
33.79336
33.793412
33.793427
33.793591
33.793699
33.793739
33.793744
33.793781
33.794058
33.794114
33.794629
33.794792
33.795203
33.795309
33.795547
33.795555
33.795639
33.795816
33.795892
33.795997
33.796396
33.796509
33.796592
33.796921
33.797016
33.797116
33.797179
33.797198
33.797384
33.797636
33.797866
33.797909
33.797911
33.79802
33.798179
33.798568
33.799018
33.799601
33.799661
33.799696
33.800274
33.80045
33.800565
33.800662
33.800762
33.801035
33.801262
33.801556
33.801568
33.801579
33.801664
33.801786
33.802057
33.802523
33.802722
33.802811
33.802813
33.803116
33.803193
33.803685
33.803777
33.804092
33.804829
33.805185
33.805534
33.805702
33.806359
33.806657
33.806658
33.80712
33.807478
33.807678
33.808163
33.808477
33.808544
33.808546
33.809061
33.810109
33.810258
33.81029
33.810314
33.810472
33.810497
33.810564
33.810917
33.811647
33.81166
33.812208
33.812261
33.812323
33.812408
33.812436
33.8126
33.812676
33.812954
33.81311
33.814136
33.814533
33.814682
33.814869
33.814886
33.815078
33.815256
33.815393
33.815544
33.815642
33.815716
33.815766
33.81588
33.815981
33.816034
33.816223
33.817018
33.817095
33.817658
33.817723
33.817779
33.817915
33.818077
33.818178
33.818298
33.818577
33.818657
33.818729
33.819347
33.819425
33.819547
33.819641
33.819769
33.819985
33.820213
33.820471
33.820817
33.821009
33.821101
33.821631
33.821769
33.821917
33.821956
33.82213
33.822232
33.822273
33.822275
33.822315
33.823112
33.823117
33.823452
33.823485
33.823539
33.823548
33.823921
33.824112
33.824142
33.824227
33.824466
33.824514
33.824705
33.825075
33.825088
33.825305
33.825309
33.825404
33.825591
33.825791
33.826059
33.826061
33.826166
33.826245
33.826447
33.826569
33.82657
33.826715
33.826825
33.826925
33.8276
33.827785
33.827811
33.828219
33.828357
33.828462
33.828776
33.828912
33.829022
33.829133
33.829522
33.829755
33.829874
33.830253
33.83028
33.830312
33.830351
33.83048
33.830607
33.831397
33.831738
33.83207
33.832577
33.832805
33.832969
33.833812
33.834675
33.834824
33.834901
33.835031
33.835094
33.835128
33.83522
33.835376
33.835839
33.835994
33.836493
33.836781
33.836941
33.837415
33.837531
33.837628
33.837632
33.837751
33.837803
33.837814
33.837834
33.838306
33.838557
33.838662
33.8392
33.839528
33.839604
33.839651
33.839668
33.839806
33.84005
33.840772
33.841393
33.841397
33.841878
33.842097
33.842414
33.842865
33.843091
33.84321
33.843225
33.843347
33.843368
33.843761
33.843944
33.844037
33.844091
33.844477
33.844538
33.844613
33.844713
33.844819
33.844892
33.844915
33.844939
33.845985
33.846005
33.846025
33.846355
33.846718
33.847002
33.847171
33.84752
33.847693
33.847791
33.848058
33.848096
33.848289
33.84843
33.848611
33.84911
33.8495
33.850024
33.850226
33.850241
33.850365
33.850449
33.850737
33.850807
33.850844
33.851207
33.851263
33.851323
33.851583
33.852073
33.852185
33.852245
33.852289
33.852419
33.852654
33.852771
33.853255
33.853376
33.853419
33.853582
33.854181
33.854505
33.854773
33.854996
33.855076
33.855509
33.855821
33.856075
33.85614
33.856177
33.856205
33.856228
33.856915
33.857027
33.857174
33.857246
33.857302
33.857536
33.857658
33.857673
33.857729
33.857968
33.858166
33.858583
33.858753
33.85876
33.858815
33.85892
33.858981
33.859008
33.859494
33.85954
33.86017
33.86102
33.861074
33.8614
33.861906
33.862113
33.862525
33.862557
33.862574
33.862614
33.862643
33.862729
33.862841
33.862952
33.863159
33.863253
33.863314
33.863371
33.863492
33.863714
33.863796
33.864728
33.86477
33.864822
33.86483
33.864838
33.864886
33.865148
33.865404
33.86549
33.865628
33.866031
33.866156
33.866158
33.866286
33.866484
33.866504
33.866578
33.867124
33.867222
33.867246
33.867364
33.867455
33.868195
33.868249
33.868513
33.868596
33.868872
33.869084
33.869135
33.869144
33.869338
33.869374
33.869458
33.869929
33.870228
33.870362
33.87045
33.870458
33.870461
33.871075
33.871602
33.871729
33.872065
33.872066
33.872088
33.87219
33.872588
33.872594
33.872605
33.872951
33.872962
33.873037
33.874068
33.874185
33.874266
33.874404
33.874513
33.874659
33.874863
33.874873
33.875891
33.876183
33.87626
33.876433
33.876625
33.876921
33.877504
33.877537
33.877783
33.877799
33.877997
33.87803
33.878112
33.878407
33.878637
33.878688
33.878797
33.878895
33.87894
33.879042
33.879076
33.879143
33.879148
33.87953
33.879699
33.879717
33.879727
33.879851
33.879968
33.880036
33.880075
33.88027
33.880378
33.880501
33.880807
33.880909
33.880913
33.881101
33.881305
33.881367
33.881375
33.881564
33.881676
33.881876
33.881969
33.8822
33.882481
33.882524
33.882638
33.882691
33.882754
33.882911
33.88311
33.883167
33.88347
33.883695
33.88376
33.883848
33.883937
33.884021
33.884334
33.884355
33.884445
33.884536
33.884566
33.884603
33.884729
33.885177
33.885404
33.885425
33.885585
33.885935
33.886008
33.886041
33.886469
33.88656
33.887169
33.88745
33.887658
33.887673
33.888092
33.888558
33.88862
33.888689
33.888733
33.888925
33.889108
33.889199
33.88927
33.889275
33.889358
33.889461
33.890037
33.890046
33.890667
33.890818
33.89093
33.890944
33.891019
33.891295
33.891354
33.891485
33.891627
33.891633
33.891816
33.892047
33.892096
33.89214
33.892587
33.892803
33.892855
33.892942
33.892953
33.893283
33.893294
33.893737
33.893782
33.893845
33.893881
33.894213
33.894294
33.894441
33.894491
33.894519
33.894642
33.894763
33.894765
33.894774
33.895043
33.895311
33.895346
33.895396
33.895513
33.895571
33.895733
33.896174
33.896271
33.896367
33.896405
33.896578
33.896833
33.896929
33.89745
33.897625
33.897999
33.898036
33.898207
33.898338
33.898455
33.898577
33.898904
33.899
33.899387
33.899773
33.899852
33.899974
33.900104
33.900356
33.900627
33.900639
33.900891
33.901135
33.901224
33.901676
33.901769
33.901825
33.901864
33.902137
33.902191
33.902243
33.902503
33.90251
33.902638
33.902785
33.902983
33.902996
33.903294
33.903328
33.903704
33.903712
33.903761
33.903763
33.903781
33.903988
33.904473
33.904743
33.904827
33.904845
33.905168
33.905472
33.905531
33.905692
33.905706
33.905964
33.906086
33.90626
33.906496
33.906509
33.906625
33.90666
33.906691
33.907106
33.907314
33.908235
33.908491
33.9085
33.908535
33.908622
33.909081
33.909125
33.909143
33.909166
33.909371
33.909455
33.909734
33.90976
33.909958
33.909959
33.909961
33.909998
33.910086
33.910129
33.910162
33.910593
33.9106
33.911132
33.91114
33.911382
33.911832
33.912094
33.912462
33.913011
33.913074
33.913366
33.913545
33.913618
33.913696
33.913786
33.913945
33.914311
33.914356
33.914458
33.914516
33.914605
33.914783
33.915034
33.915194
33.915223
33.915393
33.915585
33.916064
33.916069
33.916078
33.916339
33.916407
33.916438
33.916454
33.916555
33.916718
33.917047
33.91708
33.917261
33.917422
33.917521
33.917553
33.917774
33.917996
33.918463
33.918801
33.918932
33.918945
33.919206
33.919475
33.919507
33.919531
33.919929
33.91997
33.920043
33.920068
33.920302
33.920347
33.920368
33.920472
33.920634
33.920673
33.920689
33.920692
33.920693
33.920738
33.920865
33.921118
33.921228
33.921275
33.921278
33.921285
33.921341
33.921385
33.921537
33.921717
33.921755
33.921797
33.921804
33.922435
33.923124
33.923397
33.923622
33.923662
33.923851
33.923921
33.923971
33.924014
33.924055
33.924179
33.924325
33.924617
33.92471
33.924739
33.924971
33.924985
33.925111
33.92528
33.925656
33.925817
33.925831
33.926015
33.926033
33.926161
33.926292
33.92631
33.926331
33.926334
33.926388
33.926462
33.927032
33.927349
33.92737
33.927536
33.92768
33.927771
33.927782
33.928065
33.928104
33.928114
33.928264
33.928276
33.928531
33.928811
33.928813
33.928894
33.92899
33.928991
33.929218
33.92958
33.929655
33.92976
33.929915
33.930041
33.930183
33.930315
33.930403
33.930559
33.930569
33.930709
33.930752
33.930857
33.930875
33.931463
33.931472
33.931473
33.931657
33.931687
33.931716
33.931732
33.931737
33.931873
33.931962
33.932365
33.932539
33.932556
33.932694
33.93289
33.932891
33.932901
33.932911
33.932942
33.932997
33.933215
33.933243
33.933469
33.933472
33.933663
33.933824
33.933958
33.933966
33.934124
33.934182
33.934202
33.934217
33.934221
33.934272
33.934277
33.934517
33.934655
33.934669
33.934715
33.934732
33.934809
33.934879
33.934947
33.935048
33.935143
33.935145
33.935235
33.935259
33.935261
33.935397
33.935546
33.935566
33.935938
33.935993
33.936347
33.936356
33.936617
33.936777
33.93689
33.937046
33.937105
33.937265
33.937277
33.937355
33.937384
33.937475
33.937693
33.937949
33.93795
33.93798
33.938128
33.938544
33.938572
33.93863
33.938684
33.938704
33.938802
33.938845
33.938863
33.939117
33.939395
33.9394
33.939466
33.939591
33.939788
33.940125
33.940202
33.940504
33.940513
33.94065
33.940687
33.940688
33.940995
33.94117
33.941201
33.941267
33.941404
33.94142
33.941676
33.941736
33.94175
33.941839
33.942023
33.94225
33.942602
33.942907
33.943021
33.943026
33.943115
33.943183
33.943219
33.94374
33.943816
33.943927
33.943997
33.944012
33.944163
33.944275
33.944289
33.944638
33.944684
33.944705
33.944723
33.944743
33.944796
33.944863
33.944964
33.945008
33.945104
33.945244
33.945332
33.94541
33.945459
33.945497
33.945633
33.945859
33.945983
33.946134
33.946335
33.946345
33.94638
33.946426
33.946463
33.94657
33.947037
33.947243
33.947284
33.947784
33.948051
33.948696
33.948739
33.948771
33.948775
33.949005
33.94909
33.949138
33.949145
33.949151
33.95001
33.950171
33.950192
33.950281
33.950963
33.951055
33.95128
33.951506
33.951685
33.951686
33.951727
33.951894
33.951898
33.95191
33.952198
33.952323
33.952681
33.953061
33.953064
33.953354
33.953813
33.95384
33.953894
33.954064
33.954453
33.954482
33.954667
33.954858
33.954914
33.955291
33.955771
33.955794
33.956226
33.956265
33.956291
33.956297
33.956389
33.956475
33.956519
33.956536
33.956543
33.956645
33.956754
33.956822
33.956838
33.95711
33.957195
33.957434
33.957623
33.957763
33.957956
33.958293
33.958455
33.958517
33.958522
33.958547
33.958792
33.959339
33.959377
33.959495
33.959523
33.959537
33.959641
33.959728
33.95988
33.959919
33.95994
33.959995
33.960058
33.960107
33.960252
33.960269
33.960326
33.960461
33.960478
33.96052
33.960811
33.960841
33.961063
33.961179
33.961199
33.961306
33.961375
33.96141
33.961575
33.96167
33.96193
33.961965
33.96204
33.962336
33.962417
33.962627
33.962767
33.963043
33.963254
33.963292
33.963384
33.963515
33.963585
33.963896
33.96396
33.964168
33.964307
33.964332
33.964337
33.964394
33.964513
33.964549
33.964874
33.965024
33.965157
33.965369
33.965475
33.965714
33.965856
33.966178
33.966189
33.966396
33.966403
33.967024
33.967093
33.967179
33.967616
33.96767
33.967702
33.96782
33.967977
33.968075
33.968126
33.968153
33.968166
33.968198
33.96821
33.968241
33.968424
33.968468
33.968623
33.968966
33.96916
33.969202
33.969228
33.96925
33.969581
33.969664
33.969686
33.969719
33.970026
33.970033
33.97068
33.970881
33.971175
33.971292
33.971338
33.971585
33.971701
33.971777
33.971822
33.972052
33.972249
33.972473
33.97269
33.972754
33.972959
33.972986
33.9732
33.97354
33.973594
33.97389
33.974013
33.974259
33.974349
33.974611
33.974655
33.975033
33.975322
33.975405
33.97562
33.975644
33.975664
33.975705
33.975882
33.976062
33.976078
33.976186
33.976294
33.976453
33.976483
33.976788
33.976819
33.976852
33.976871
33.977001
33.977002
33.977187
33.977253
33.977335
33.977453
33.977596
33.978095
33.97814
33.97821
33.978268
33.978283
33.978304
33.978341
33.978361
33.978547
33.978583
33.978895
33.978906
33.979115
33.979137
33.979159
33.979179
33.979196
33.979208
33.979472
33.979787
33.979818
33.979935
33.980196
33.980389
33.980551
33.980553
33.980688
33.980862
33.981012
33.981214
33.981287
33.981407
33.981446
33.981477
33.981534
33.981629
33.981641
33.981665
33.981691
33.981874
33.98195
33.982082
33.982415
33.982442
33.982726
33.982803
33.982976
33.983115
33.983159
33.983606
33.983623
33.983783
33.984173
33.984528
33.98461
33.984633
33.984711
33.984836
33.984868
33.98488
33.984983
33.985002
33.985063
33.985075
33.985514
33.98561
33.985842
33.98603
33.986036
33.986249
33.986259
33.98638
33.986578
33.986631
33.986738
33.98688
33.986974
33.987025
33.987027
33.987115
33.987144
33.987161
33.987227
33.987254
33.987301
33.987336
33.987555
33.987771
33.988012
33.988261
33.988277
33.988384
33.988442
33.988562
33.988574
33.98859
33.989116
33.989393
33.989409
33.989412
33.989672
33.989762
33.989959
33.990091
33.990415
33.990473
33.990541
33.990583
33.990744
33.990846
33.991004
33.991071
33.991155
33.991392
33.991607
33.991682
33.991698
33.992106
33.992237
33.992284
33.992729
33.993119
33.993252
33.993473
33.993482
33.993521
33.993677
33.99375
33.993907
33.994077
33.994167
33.994308
33.994904
33.994977
33.995077
33.995109
33.995154
33.995211
33.995235
33.995327
33.995369
33.995392
33.995459
33.995516
33.9956
33.99565
33.995744
33.995766
33.995876
33.995922
33.995985
33.99604
33.99605
33.996161
33.996357
33.996462
33.996544
33.996586
33.996755
33.996775
33.99683
33.996836
33.996911
33.997118
33.997162
33.997401
33.99741
33.997547
33.997679
33.997722
33.998016
33.998057
33.998126
33.99813
33.998246
33.998501
33.998576
33.998738
33.99876
33.998789
33.999064
33.999735
33.999993
34.000066
34.000554
34.000647
34.000716
34.001191
34.001233
34.001788
34.001819
34.00182
34.001904
34.002002
34.002116
34.002137
34.002232
34.002287
34.002312
34.00261
34.002841
34.003074
34.003133
34.003478
34.003485
34.003522
34.003653
34.003674
34.003824
34.003869
34.004007
34.00441
34.004506
34.004645
34.00468
34.005178
34.005277
34.005383
34.005721
34.005813
34.005939
34.006074
34.006135
34.006137
34.006396
34.006431
34.006499
34.006594
34.00667
34.006725
34.006727
34.00745
34.007476
34.007547
34.007612
34.007831
34.007835
34.007883
34.008004
34.008061
34.008179
34.008373
34.00845
34.008522
34.008874
34.009083
34.009174
34.009289
34.009298
34.009305
34.00931
34.009388
34.009573
34.00964
34.009862
34.009885
34.009911
34.009967
34.010287
34.010389
34.010567
34.010639
34.010807
34.010809
34.010843
34.010879
34.011112
34.011153
34.011537
34.011631
34.011721
34.011864
34.011905
34.011907
34.01196
34.012033
34.01227
34.012424
34.012451
34.01255
34.01271
34.012753
34.012767
34.01281
34.01288
34.012967
34.01298
34.012989
34.013
34.01302
34.013113
34.013145
34.013276
34.013991
34.01451
34.014752
34.014952
34.01498
34.015194
34.015237
34.015273
34.015474
34.015514
34.015519
34.015622
34.015629
34.01564
34.016205
34.01642
34.016849
34.017169
34.017241
34.017365
34.017551
34.018088
34.01816
34.018168
34.018863
34.018867
34.019017
34.01913
34.019174
34.019365
34.019724
34.019875
34.020167
34.020241
34.020526
34.020533
34.020786
34.021099
34.021256
34.021292
34.021402
34.02154
34.021574
34.021617
34.021718
34.021764
34.02179
34.021823
34.021841
34.021887
34.02191
34.021929
34.022054
34.022107
34.022311
34.022545
34.022578
34.02265
34.022883
34.022895
34.022925
34.022957
34.023094
34.023109
34.023318
34.023423
34.024084
34.024109
34.024142
34.024237
34.024318
34.024325
34.024462
34.024499
34.024518
34.024664
34.024713
34.024888
34.024968
34.024986
34.025332
34.025343
34.025465
34.025522
34.025673
34.025808
34.025985
34.026085
34.026154
34.026267
34.026273
34.02632
34.02663
34.02673
34.027014
34.027133
34.027186
34.027468
34.027472
34.027525
34.02761
34.027968
34.028341
34.028509
34.02852
34.028521
34.028627
34.028683
34.028915
34.02893
34.029067
34.029098
34.029249
34.029311
34.029607
34.029638
34.029681
34.029686
34.029725
34.029798
34.029815
34.029868
34.030044
34.030567
34.030649
34.031007
34.031103
34.031283
34.031306
34.031369
34.031479
34.03156
34.031661
34.031673
34.031695
34.031813
34.031893
34.031903
34.032239
34.032492
34.032521
34.032556
34.032558
34.032575
34.03273
34.032991
34.033054
34.033239
34.033368
34.033391
34.03344
34.033542
34.033624
34.033663
34.033696
34.033822
34.033977
34.034002
34.034162
34.034526
34.034561
34.034596
34.034636
34.034639
34.034804
34.03483
34.034954
34.035056
34.035129
34.035138
34.035232
34.035248
34.03526
34.035358
34.035397
34.035434
34.03547
34.035637
34.035759
34.035945
34.035974
34.035999
34.036066
34.036551
34.036624
34.036654
34.036724
34.036767
34.036938
34.036989
34.037094
34.037245
34.037328
34.037356
34.037515
34.037522
34.037542
34.037593
34.037646
34.037797
34.037808
34.037855
34.037889
34.038064
34.038382
34.038507
34.038528
34.038672
34.038863
34.039123
34.039148
34.039184
34.03938
34.039419
34.039432
34.039472
34.039691
34.039709
34.039727
34.039747
34.039787
34.039825
34.039932
34.039969
34.040253
34.040279
34.040341
34.040381
34.040405
34.040486
34.040506
34.040597
34.040675
34.040704
34.040754
34.040757
34.040862
34.040913
34.040955
34.041008
34.041136
34.041192
34.041426
34.041716
34.041746
34.041848
34.041876
34.042107
34.042354
34.042363
34.042409
34.042433
34.042596
34.04262
34.042728
34.042873
34.042877
34.043016
34.043036
34.04305
34.043299
34.0433
34.043646
34.043959
34.044106
34.044251
34.044257
34.044344
34.044476
34.044617
34.044683
34.044731
34.044733
34.044846
34.044863
34.044884
34.0449
34.045073
34.045097
34.045413
34.04546
34.045465
34.045613
34.045837
34.045853
34.045897
34.045983
34.046544
34.046618
34.046683
34.046828
34.046944
34.047213
34.047246
34.047263
34.047328
34.047397
34.047517
34.047606
34.047764
34.047985
34.048407
34.048499
34.048513
34.04857
34.04861
34.04864
34.048716
34.048745
34.048751
34.048925
34.048957
34.048992
34.049239
34.049327
34.04952
34.049542
34.049719
34.049839
34.049886
34.050082
34.050264
34.05047
34.050683
34.050876
34.051091
34.051127
34.05116
34.051203
34.051381
34.051532
34.051696
34.051931
34.051948
34.052001
34.052101
34.052144
34.052196
34.052244
34.052286
34.052307
34.052333
34.05235
34.052406
34.052444
34.052579
34.052583
34.052648
34.052715
34.052948
34.052999
34.053086
34.053196
34.053249
34.053337
34.053437
34.053552
34.053578
34.053643
34.053718
34.053766
34.053807
34.053839
34.053852
34.053938
34.053959
34.053971
34.054173
34.054268
34.054741
34.054926
34.055073
34.055123
34.055141
34.055405
34.055421
34.055456
34.055599
34.055643
34.0559
34.055956
34.056143
34.056218
34.056234
34.056482
34.056523
34.056659
34.056737
34.056749
34.05675
34.05681
34.057058
34.057257
34.057277
34.057357
34.057393
34.057404
34.057543
34.057609
34.057633
34.057794
34.057799
34.057821
34.057989
34.058003
34.058059
34.058171
34.058178
34.058286
34.058431
34.05855
34.058709
34.058711
34.058745
34.058802
34.058892
34.058947
34.059147
34.059376
34.059389
34.059505
34.059519
34.059569
34.05961
34.059611
34.059643
34.059675
34.059869
34.059883
34.059892
34.060016
34.060144
34.060195
34.060253
34.060843
34.060929
34.060988
34.061047
34.061106
34.061221
34.061226
34.061282
34.061289
34.061301
34.061339
34.061429
34.06145
34.061479
34.061669
34.061799
34.061816
34.061869
34.061998
34.062039
34.062147
34.062273
34.062428
34.062546
34.062616
34.0628
34.06281
34.062907
34.062986
34.063064
34.063109
34.063302
34.063371
34.063443
34.063461
34.063479
34.063632
34.063641
34.063694
34.063699
34.063869
34.063929
34.064325
34.064805
34.064864
34.064868
34.064873
34.064906
34.065312
34.065319
34.065704
34.065784
34.066151
34.066255
34.066259
34.066282
34.066403
34.066467
34.066561
34.066592
34.066694
34.066785
34.067002
34.067026
34.06704
34.067199
34.067581
34.067676
34.067679
34.067735
34.068052
34.068121
34.068185
34.068197
34.068337
34.068553
34.069102
34.069147
34.069179
34.069217
34.06934
34.069365
34.069514
34.069867
34.069874
34.06993
34.070114
34.07012
34.070126
34.070128
34.07014
34.070439
34.070468
34.070475
34.070486
34.070547
34.070549
34.070581
34.070634
34.070644
34.070761
34.070779
34.070786
34.070791
34.070869
34.070944
34.071017
34.071026
34.071039
34.071297
34.071371
34.07157
34.071703
34.071808
34.072067
34.072071
34.072226
34.072232
34.072277
34.072302
34.072306
34.072312
34.072852
34.072925
34.073118
34.073406
34.073499
34.073584
34.073607
34.073613
34.073657
34.07376
34.073776
34.074016
34.074275
34.074394
34.074875
34.074909
34.075035
34.075144
34.075239
34.075314
34.075371
34.075555
34.07556
34.075592
34.075755
34.075854
34.075937
34.075956
34.076059
34.07611
34.076193
34.076309
34.076442
34.076497
34.07658
34.076735
34.076908
34.077054
34.077167
34.077493
34.077527
34.077539
34.077568
34.077606
34.077744
34.077764
34.078401
34.078551
34.078944
34.079116
34.07912
34.079216
34.079292
34.079324
34.079395
34.079608
34.079731
34.080283
34.080318
34.080419
34.080445
34.080576
34.08081
34.080981
34.081085
34.081224
34.081356
34.081385
34.081399
34.081407
34.081477
34.081552
34.081579
34.08163
34.081646
34.081691
34.081819
34.081857
34.081979
34.081994
34.081999
34.08206
34.082368
34.082395
34.082456
34.082567
34.082664
34.082693
34.082697
34.082713
34.082784
34.082941
34.083086
34.083089
34.083145
34.083197
34.083265
34.083469
34.083577
34.083714
34.083719
34.084001
34.084018
34.084055
34.084122
34.084231
34.084407
34.084493
34.084706
34.084709
34.084748
34.084759
34.084768
34.084818
34.084864
34.084928
34.084974
34.085021
34.085101
34.085121
34.085137
34.085154
34.085242
34.0853
34.085403
34.085408
34.085466
34.085489
34.085525
34.085529
34.085615
34.085618
34.085835
34.086014
34.08602
34.086115
34.086428
34.086662
34.086664
34.086786
34.086852
34.086913
34.087206
34.087253
34.087293
34.087474
34.087644
34.087886
34.087959
34.088017
34.08811
34.088196
34.088233
34.08841
34.088454
34.088555
34.088567
34.088638
34.088718
34.088724
34.08879
34.089083
34.089259
34.089339
34.089438
34.089555
34.089581
34.089708
34.089744
34.089745
34.089748
34.089754
34.089785
34.089926
34.09012
34.090154
34.090221
34.090671
34.090744
34.090773
34.091103
34.09119
34.091325
34.091623
34.091628
34.091651
34.091766
34.091794
34.092094
34.092123
34.092232
34.092568
34.092721
34.092756
34.092887
34.093074
34.093382
34.093506
34.093686
34.093906
34.094076
34.094079
34.094492
34.094701
34.094723
34.094807
34.094902
34.09495
34.095222
34.095329
34.09536
34.09555
34.095564
34.095669
34.095737
34.095738
34.095863
34.095881
34.096264
34.096271
34.096338
34.096637
34.096758
34.096941
34.096953
34.096967
34.097046
34.097196
34.097254
34.097642
34.098138
34.098204
34.098323
34.098333
34.098356
34.098399
34.098485
34.098932
34.099138
34.09926
34.099415
34.099452
34.099453
34.099465
34.099502
34.099582
34.099585
34.099592
34.099597
34.099711
34.099748
34.09984
34.099928
34.099929
34.100087
34.100312
34.100521
34.100581
34.10073
34.100943
34.101144
34.10119
34.101424
34.101431
34.101568
34.101863
34.101876
34.102145
34.10226
34.102324
34.102331
34.10241
34.102467
34.102583
34.102662
34.102808
34.103186
34.103322
34.103359
34.103411
34.103469
34.103579
34.103784
34.104076
34.104085
34.104188
34.104462
34.104848
34.105047
34.105119
34.105155
34.10527
34.105288
34.105333
34.105723
34.105798
34.106042
34.106164
34.106799
34.106999
34.107371
34.107381
34.107408
34.107675
34.10778
34.108074
34.108393
34.108457
34.108619
34.108737
34.10883
34.108849
34.108962
34.109176
34.109195
34.109313
34.109406
34.109438
34.109549
34.109652
34.109808
34.109857
34.109913
34.110062
34.11076
34.11079
34.110965
34.111058
34.111178
34.111367
34.11144
34.111446
34.111548
34.111736
34.111906
34.112178
34.112189
34.11244
34.112473
34.112647
34.112674
34.112788
34.112808
34.113003
34.113077
34.113093
34.113227
34.113287
34.113483
34.113565
34.113648
34.113837
34.113873
34.113915
34.113957
34.114127
34.114145
34.114164
34.114172
34.114182
34.114221
34.114302
34.114362
34.11449
34.114712
34.114755
34.114833
34.11497
34.115185
34.115248
34.115359
34.115592
34.11561
34.115646
34.115776
34.115923
34.115964
34.11604
34.116175
34.116197
34.116198
34.11623
34.116708
34.116716
34.116761
34.116863
34.116902
34.117045
34.11707
34.117191
34.117261
34.117403
34.117448
34.117613
34.117614
34.11763
34.117668
34.11781
34.11792
34.118102
34.118145
34.118186
34.118278
34.118535
34.118597
34.118647
34.11865
34.118705
34.118728
34.11877
34.118972
34.11899
34.119028
34.11929
34.119515
34.119698
34.120158
34.120221
34.120416
34.120423
34.120801
34.121234
34.121265
34.121269
34.121271
34.121274
34.121365
34.121395
34.121641
34.121662
34.121928
34.121957
34.12251
34.122682
34.122856
34.12292
34.123174
34.12324
34.123306
34.123353
34.123694
34.124044
34.124048
34.124261
34.124665
34.124761
34.124809
34.124964
34.12502
34.125043
34.125108
34.125173
34.125382
34.125491
34.125733
34.125783
34.125835
34.125884
34.126003
34.126458
34.126928
34.12694
34.127065
34.127067
34.12716
34.127174
34.127249
34.127417
34.1275
34.127515
34.127947
34.127976
34.128005
34.128203
34.128346
34.128389
34.128431
34.12856
34.128612
34.128622
34.128676
34.128713
34.128716
34.128844
34.128851
34.128998
34.129092
34.129312
34.129476
34.129507
34.129623
34.1298
34.129904
34.130277
34.130314
34.130549
34.130584
34.130677
34.130854
34.130977
34.131779
34.132058
34.13227
34.132281
34.13245
34.132715
34.133296
34.133305
34.133628
34.134386
34.134975
34.135627
34.135692
34.135775
34.135828
34.135872
34.135927
34.136068
34.136263
34.136834
34.136844
34.137119
34.137167
34.137441
34.137539
34.137573
34.138056
34.138244
34.138328
34.138545
34.138638
34.138682
34.138918
34.139024
34.13912
34.13919
34.139284
34.13932
34.139335
34.139378
34.13963
34.139709
34.139761
34.139858
34.14006
34.140764
34.140799
34.140888
34.140972
34.141107
34.141237
34.141307
34.14166
34.141775
34.141834
34.142013
34.142062
34.14211
34.142399
34.142525
34.14253
34.142834
34.143118
34.143244
34.143317
34.143323
34.143389
34.143442
34.143472
34.143486
34.143879
34.143903
34.143998
34.144021
34.144186
34.14481
34.144818
34.145159
34.145538
34.145559
34.145737
34.145963
34.146087
34.146304
34.146501
34.146574
34.146723
34.146794
34.147006
34.147048
34.147143
34.147209
34.147328
34.147758
34.147986
34.148139
34.148442
34.148632
34.149003
34.149443
34.149739
34.149894
34.150009
34.150221
34.150325
34.150409
34.15047
34.150618
34.15064
34.150659
34.150747
34.150875
34.150939
34.151082
34.151171
34.151486
34.151557
34.152229
34.15229
34.152688
34.152928
34.152995
34.153315
34.153477
34.153743
34.153796
34.153947
34.154042
34.154264
34.154316
34.154587
34.154713
34.154833
34.155032
34.155179
34.155396
34.157285
34.157612
34.15762
34.157982
34.158223
34.158337
34.158384
34.158422
34.158627
34.158927
34.158949
34.159083
34.159094
34.159099
34.159225
34.159451
34.159764
34.15982
34.159895
34.159931
34.160102
34.160327
34.160608
34.160947
34.160968
34.161257
34.161398
34.161605
34.161613
34.161623
34.161657
34.161767
34.161786
34.161941
34.162038
34.162413
34.162805
34.162957
34.163018
34.163043
34.163105
34.163361
34.16354
34.163754
34.164239
34.164418
34.164764
34.164862
34.165296
34.165351
34.16548
34.165538
34.165669
34.166086
34.166153
34.16622
34.166251
34.166446
34.166482
34.16649
34.166594
34.166617
34.167204
34.167411
34.167621
34.167979
34.168017
34.168531
34.168946
34.169031
34.16915
34.169401
34.169459
34.169615
34.169676
34.169763
34.169856
34.170496
34.170546
34.170555
34.170582
34.170584
34.170798
34.170841
34.170965
34.170973
34.171119
34.171178
34.171181
34.171212
34.171367
34.171637
34.171885
34.172099
34.172352
34.172404
34.172665
34.172716
34.173411
34.173415
34.173707
34.173837
34.174481
34.174558
34.174616
34.17465
34.174937
34.17499
34.17519
34.175587
34.175601
34.175614
34.176605
34.177229
34.177359
34.17755
34.177715
34.177777
34.178158
34.178277
34.178366
34.178403
34.178419
34.178426
34.178638
34.178648
34.179172
34.179296
34.179314
34.179409
34.179411
34.179694
34.179714
34.180245
34.18046
34.180772
34.180826
34.180983
34.181168
34.181311
34.181632
34.181774
34.182156
34.182654
34.18266
34.182679
34.18296
34.182985
34.183072
34.18318
34.183197
34.183295
34.18341
34.183699
34.183809
34.183865
34.183953
34.183961
34.184486
34.184715
34.184755
34.184977
34.185208
34.185964
34.186095
34.186315
34.186633
34.186638
34.187874
34.188159
34.188186
34.188278
34.188416
34.18842
34.188516
34.188612
34.188749
34.188752
34.189075
34.189158
34.18919
34.189212
34.189224
34.189743
34.189814
34.189853
34.190148
34.19023
34.190294
34.190389
34.190575
34.19083
34.191306
34.19155
34.191742
34.19175
34.192025
34.192143
34.192151
34.192227
34.192586
34.192639
34.192817
34.193271
34.193492
34.193552
34.193731
34.193849
34.193913
34.194312
34.194654
34.19488
34.195031
34.195503
34.195528
34.195642
34.195722
34.196067
34.196084
34.196085
34.196785
34.196788
34.196822
34.19708
34.197317
34.197319
34.19737
34.197484
34.197868
34.197935
34.198151
34.198175
34.198833
34.199052
34.19907
34.1992
34.199557
34.199628
34.199974
34.200175
34.200288
34.200528
34.200775
34.200925
34.201279
34.201851
34.202248
34.202389
34.202975
34.203004
34.203447
34.203613
34.203825
34.20386
34.203923
34.20426
34.204404
34.204847
34.204904
34.204986
34.205116
34.205186
34.205315
34.205558
34.205626
34.205749
34.20575
34.20614
34.206367
34.206562
34.206689
34.206778
34.207214
34.207776
34.207948
34.20811
34.208112
34.208278
34.208345
34.208357
34.208374
34.208443
34.208475
34.208873
34.20936
34.20939
34.209681
34.209936
34.211134
34.211152
34.211537
34.211674
34.211755
34.212468
34.212693
34.21272
34.212914
34.212952
34.212999
34.213373
34.213599
34.214175
34.214273
34.214486
34.214636
34.21465
34.2151
34.215544
34.21563
34.215713
34.215771
34.215789
34.215989
34.216477
34.216713
34.217192
34.217253
34.217851
34.218099
34.218206
34.218599
34.218804
34.218846
34.218956
34.219171
34.219285
34.219366
34.219481
34.219496
34.220037
34.220516
34.220856
34.22093
34.221578
34.221613
34.221701
34.221863
34.221949
34.222121
34.223053
34.223096
34.223161
34.223765
34.223918
34.224089
34.224156
34.224523
34.224821
34.224843
34.225034
34.225569
34.22563
34.225916
34.226157
34.226185
34.22622
34.226334
34.226342
34.226366
34.226397
34.226475
34.22661
34.227522
34.227974
34.228142
34.228228
34.228248
34.228716
34.228782
34.229059
34.22988
34.230238
34.230392
34.230829
34.230955
34.231141
34.23118
34.231258
34.231698
34.231732
34.231909
34.232176
34.232913
34.233084
34.233366
34.233432
34.233871
34.234025
34.234111
34.234189
34.234697
34.234912
34.234937
34.23494
34.235599
34.236069
34.236134
34.236849
34.237391
34.237444
34.237895
34.238075
34.238425
34.238706
34.23915
34.239152
34.239182
34.239259
34.239671
34.239949
34.240343
34.240492
34.240544
34.240606
34.240652
34.241399
34.241776
34.241842
34.2422
34.242431
34.242635
34.24269
34.242717
34.24298
34.243674
34.244368
34.244586
34.247029
34.247226
34.247703
34.247735
34.247923
34.24907
34.249118
34.249193
34.249666
34.250077
34.251074
34.251452
34.251671
34.252054
34.252089
34.252346
34.252544
34.252655
34.252766
34.253084
34.253137
34.253257
34.253418
34.253429
34.25393
34.254255
34.254321
34.255002
34.255144
34.255678
34.25581
34.256197
34.256332
34.257249
34.257287
34.257511
34.257525
34.25762
34.257898
34.258355
34.25879
34.259533
34.260189
34.260918
34.261122
34.26131
34.261811
34.262126
34.262556
34.262609
34.263263
34.263321
34.263466
34.264335
34.264384
34.264514
34.265119
34.265164
34.265666
34.266085
34.266544
34.266771
34.266781
34.267017
34.267161
34.267732
34.26799
34.268161
34.268165
34.268234
34.268332
34.268433
34.268464
34.268468
34.269153
34.269326
34.269884
34.269956
34.270127
34.270171
34.270368
34.270373
34.270512
34.270514
34.27076
34.270779
34.27091
34.270939
34.271231
34.271245
34.271566
34.271744
34.272388
34.272534
34.273004
34.273219
34.273381
34.273819
34.274378
34.274717
34.274742
34.274955
34.275091
34.275581
34.275618
34.275907
34.276049
34.276331
34.276577
34.276944
34.277072
34.277276
34.27738
34.27739
34.277493
34.277912
34.277945
34.277994
34.278823
34.278918
34.279027
34.279091
34.279297
34.279425
34.279434
34.27945
34.279542
34.279579
34.279637
34.279902
34.27998
34.279993
34.280097
34.280132
34.280288
34.280363
34.28037
34.280478
34.280672
34.281946
34.282052
34.282514
34.282533
34.283917
34.284395
34.284711
34.284866
34.284934
34.28614
34.287767
34.287892
34.288222
34.288514
34.288673
34.289305
34.290508
34.292877
34.293056
34.293414
34.293679
34.294213
34.294269
34.295469
34.295765
34.29617
34.296653
34.297219
34.297559
34.300231
34.300625
34.301139
34.301591
34.302597
34.305677
34.30577
34.307778
34.308128
34.312103
34.312589
34.3128
34.313655
34.313928
34.314391
34.315159
34.319143
34.319772
34.326135
34.326395
34.327403
34.343068
34.346722
34.349176
34.352984
34.354089
34.356696
34.358096
34.359989
34.361514
34.371382
34.374243
34.374486
34.376081
34.376503
34.378291
34.379052
34.381218
34.381765
34.383185
34.384055
34.387466
34.388503
34.389754
34.391013
34.391157
34.391334
34.396138
34.397464
34.397784
34.398019
34.399221
34.399583
34.401226
34.402007
34.403348
34.403887
34.404589
34.404591
34.404779
34.404893
34.405272
34.405627
34.407539
34.407669
34.408167
34.408623
34.409155
34.410362
34.41046
34.410493
34.411245
34.411424
34.412348
34.412525
34.412895
34.413668
34.415636
34.415962
34.416062
34.416601
34.416837
34.417012
34.418322
34.418486
34.418811
34.418928
34.418969
34.418971
34.419108
34.419118
34.421073
34.421471
34.421655
34.422143
34.42345
34.423819
34.423884
34.424725
34.425148
34.425284
34.42535
34.425443
34.42625
34.426901
34.426904
34.428023
34.428686
34.42886
34.428944
34.429073
34.429794
34.430637
34.430651
34.432627
34.432635
34.432662
34.432812
34.433327
34.433401
34.434607
34.43531
34.435905
34.436357
34.436553
34.436653
34.436851
34.437087
34.437499
34.438716
34.438745
34.438811
34.438824
34.439115
34.439121
34.439676
34.440285
34.441278
34.441578
34.442284
34.442889
34.44295
34.443711
34.443833
34.444033
34.444289
34.444379
34.444618
34.445066
34.445947
34.445979
34.447087
34.447178
34.447209
34.447293
34.447303
34.447424
34.448119
34.44823
34.449852
34.450109
34.450138
34.450479
34.450589
34.45063
34.450702
34.450966
34.451964
34.453047
34.454462
34.454798
34.455105
34.457567
34.458789
34.459176
34.46183
34.464228
34.465013
34.466883
34.468819
34.470733
34.470745
34.471193
34.472772
34.473508
34.474787
34.476797
34.477733
34.477938
34.478491
34.478744
34.479479
34.479872
34.479892
34.485718
34.486146
34.486957
34.489614
34.490457
34.490792
34.491272
34.492147
34.494498
34.495668
34.498617
34.499366
34.499507
34.500396
34.501041
34.505162
34.506007
34.50646
34.506927
34.508467
34.511569
34.512255
34.512364
34.512568
34.51258
34.513959
34.51398
34.521025
34.521162
34.521423
34.521548
34.528339
34.528491
34.528659
34.529047
34.52909
34.529103
34.529654
34.531597
34.533038
34.537751
34.541442
34.542951
34.542967
34.543065
34.543378
34.543933
34.544418
34.545276
34.545837
34.550824
34.552357
34.553113
34.553256
34.553428
34.557901
34.55862
34.558681
34.559202
34.559209
34.55952
34.563335
34.56396
34.565103
34.565113
34.565651
34.566027
34.567946
34.568916
34.56933
34.569588
34.572436
34.572799
34.573086
34.574275
34.576866
34.579505
34.579684
34.580071
34.580712
34.581796
34.58326
34.584413
34.585923
34.587123
34.587157
34.587366
34.588006
34.594272
34.594311
34.5944
34.595649
34.596878
34.598429
34.598749
34.600268
34.600347
34.608644
34.615038
34.615702
34.615883
34.616547
34.617945
34.618494
34.619117
34.61924
34.620841
34.62089
34.624224
34.634204
34.634507
34.634864
34.636766
34.639376
34.640885
34.643092
34.643451
34.646952
34.64702
34.650138
34.651548
34.65284
34.654439
34.654635
34.656221
34.657586
34.660091
34.6601
34.660455
34.665399
34.671104
34.671255
34.671416
34.672926
34.672928
34.674525
34.674924
34.675315
34.676276
34.678028
34.678239
34.678974
34.682263
34.682414
34.682684
34.683101
34.684435
34.686072
34.686154
34.686794
34.688443
34.689467
34.689581
34.690481
34.692938
34.694337
34.696553
34.697536
34.69865
34.699232
34.699662
34.699958
34.700282
34.700494
34.702563
34.704362
34.708005
34.708698
34.709138
34.709412
34.710938
34.711081
34.713113
34.735052
34.73977
34.740901
34.747101
34.747566
34.748379
34.839213
34.8393
34.839349
34.840062
34.849926
34.856324
34.862219
34.863057
34.864216
34.865234
34.865981
34.866372
34.867904
34.87021
34.873163
34.873675
34.875042
34.88093
34.881055
34.881933
34.882388
34.883198
34.888958
34.892368
34.892854
34.892895
34.894555
34.895154
34.8968
34.898257
34.901868
34.906108
34.911478
34.920374
34.922633
34.923294
34.927778
34.927858
34.927914
34.931482
34.935597
34.939358
34.940898
34.941877
34.943362
34.946065
34.948787
34.952038
34.95421
34.955186
34.956393
34.957593
34.959495
34.960991
34.961053
34.961403
34.964394
34.965753
34.965975
34.970305
34.974358
34.977159
34.98597
35.004146
35.004871
35.016293
35.035119
35.042988
35.049989
35.0519
35.053011
35.053252
35.054285
35.055434
35.066165
35.07589
35.103287
35.107293
35.112626
35.114596
35.117988
35.118612
35.121534
35.12351
35.126505
35.126603
35.128703
35.128871
35.129926
35.133129
35.136804
35.140832
35.142386
35.145547
35.146019
35.146338
35.146787
35.147695
35.147696
35.154866
35.159211
35.175538
35.186926
35.187065
35.192931
35.2019
35.2035
35.205376
35.214074
35.216428
35.219605
35.223409
35.22454
35.238017
35.241926
35.251941
35.253582
35.253951
35.257978
35.258141
35.258208
35.259539
35.259874
35.261365
35.261367
35.263534
35.264555
35.267967
35.270088
35.270317
35.273532
35.273968
35.275476
35.277699
35.279867
35.281365
35.282124
35.282627
35.285011
35.288436
35.288556
35.288619
35.288735
35.294463
35.295236
35.296247
35.297098
35.297736
35.298499
35.29992
35.301146
35.303067
35.303179
35.303227
35.304908
35.306325
35.306804
35.30685
35.31032
35.313264
35.31351
35.31651
35.317776
35.318703
35.319441
35.319696
35.324845
35.324854
35.325019
35.325099
35.325242
35.326044
35.327118
35.328164
35.329423
35.32952
35.329539
35.330216
35.330638
35.332391
35.333494
35.334169
35.33877
35.339532
35.339544
35.343377
35.344077
35.344113
35.34497
35.345732
35.345874
35.346722
35.346978
35.348508
35.3497
35.349985
35.350767
35.352635
35.356154
35.357516
35.35771
35.358031
35.358427
35.359441
35.360312
35.36135
35.363187
35.363545
35.364908
35.365048
35.365373
35.365454
35.365724
35.366404
35.366878
35.367382
35.368829
35.368865
35.36947
35.369604
35.37108
35.372158
35.372193
35.372203
35.373459
35.373592
35.374395
35.374562
35.375914
35.376252
35.377298
35.377729
35.378356
35.379093
35.379843
35.381523
35.383168
35.383289
35.383506
35.384186
35.384771
35.386926
35.389415
35.389754
35.390233
35.390234
35.390403
35.390579
35.390715
35.390812
35.391327
35.391412
35.39265
35.392796
35.394428
35.394513
35.394869
35.396917
35.397094
35.397807
35.39823
35.399257
35.399261
35.399262
35.400192
35.401115
35.402065
35.402071
35.402732
35.403594
35.405125
35.406883
35.408475
35.408651
35.410197
35.414197
35.414867
35.415579
35.417189
35.418281
35.423442
35.42525
35.426827
35.429521
35.431585
35.444892
35.451744
35.457479
35.458265
35.458446
35.465059
35.484453
35.490643
35.490923
35.492182
35.499244
35.499491
35.502491
35.507697
35.509754
35.513556
35.51442
35.514438
35.515136
35.529151
35.541962
35.542486
35.544798
35.546079
35.546903
35.553251
35.56066
35.567273
35.572486
35.579677
35.587025
35.588222
35.592595
35.592753
35.594937
35.595474
35.595936
35.596465
35.598109
35.60037
35.601395
35.605243
35.610783
35.614912
35.614995
35.615181
35.61519
35.61527
35.615903
35.615995
35.619253
35.625461
35.628886
35.630147
35.632638
35.635936
35.636876
35.63715
35.63728
35.637393
35.639125
35.63986
35.649593
35.651413
35.65263
35.655202
35.65877
35.669148
35.674331
35.678108
35.679988
35.681787
35.725198
35.734556
35.757123
35.757896
35.760835
35.761297
35.761418
35.766256
35.767082
35.768611
35.770694
35.771567
35.77181
35.773978
35.774431
35.775779
35.775863
35.775905
35.778831
35.781825
35.782096
35.783034
35.783225
35.784717
35.787129
35.798026
35.830602
35.863385
35.88343
35.883584
35.884149
35.887343
35.888161
35.891078
35.954219
35.959901
35.971731
35.972011
35.998374
36.003548
36.008068
36.009474
36.009495
36.009514
36.012199
36.01906
36.043598
36.047939
36.048067
36.058528
36.060289
36.061307
36.062839
36.063019
36.063176
36.063391
36.063405
36.067595
36.068697
36.070754
36.071229
36.071971
36.072343
36.072582
36.072803
36.073946
36.077393
36.081745
36.082848
36.083067
36.084753
36.085283
36.086621
36.086662
36.087223
36.089152
36.090186
36.092205
36.094578
36.094875
36.095441
36.097472
36.101917
36.103615
36.130025
36.142329
36.142975
36.144332
36.144583
36.145157
36.145654
36.145936
36.147352
36.14776
36.149838
36.150094
36.150111
36.150914
36.187788
36.189193
36.19319
36.195939
36.197697
36.198836
36.198937
36.199934
36.201307
36.20214
36.202408
36.203899
36.204439
36.204791
36.206947
36.207961
36.208408
36.208431
36.20882
36.209219
36.209806
36.210305
36.211171
36.211894
36.211936
36.212531
36.212863
36.213755
36.214239
36.21543
36.215517
36.215867
36.217264
36.217453
36.219441
36.219794
36.22139
36.228501
36.228508
36.233571
36.233643
36.26203
36.263877
36.263907
36.280282
36.291858
36.292593
36.292619
36.29385
36.294406
36.294885
36.295424
36.297049
36.297482
36.297698
36.298036
36.298213
36.298223
36.300973
36.302027
36.303191
36.303289
36.303336
36.303637
36.305587
36.307014
36.307019
36.307126
36.30755
36.309746
36.310094
36.310687
36.310989
36.311043
36.312286
36.312564
36.312737
36.316229
36.316337
36.317339
36.317625
36.318699
36.3187
36.319483
36.320042
36.320137
36.320455
36.321092
36.321223
36.321487
36.322219
36.323001
36.324066
36.324598
36.325203
36.326528
36.326919
36.328072
36.328073
36.328277
36.328778
36.329495
36.329851
36.330838
36.331872
36.332291
36.333846
36.334436
36.334771
36.334851
36.335528
36.335719
36.337236
36.337257
36.337403
36.337546
36.337563
36.338061
36.338125
36.338526
36.338915
36.339375
36.340893
36.340913
36.342708
36.343152
36.343211
36.344612
36.345017
36.345735
36.346116
36.346419
36.346481
36.347878
36.348211
36.34852
36.348609
36.34891
36.349221
36.350073
36.350231
36.351926
36.352862
36.353067
36.361805
36.370537
36.393678
36.40061
36.418496
36.420186
36.42097
36.422322
36.425677
36.426669
36.427024
36.427281
36.42815
36.430358
36.431485
36.431507
36.431614
36.433165
36.433964
36.435036
36.435973
36.436276
36.439064
36.441965
36.457638
36.483618
36.484471
36.486996
36.500565
36.501305
36.50804
36.509276
36.511435
36.511566
36.511652
36.51798
36.517983
36.525072
36.525553
36.528085
36.528475
36.533151
36.535958
36.537683
36.537884
36.53832
36.539265
36.539594
36.541192
36.546318
36.54877
36.549282
36.552104
36.553231
36.554148
36.554749
36.555138
36.555322
36.557684
36.56035
36.561768
36.562757
36.569612
36.571072
36.571342
36.572397
36.576279
36.577727
36.578025
36.578064
36.58119
36.581642
36.58165
36.583553
36.583853
36.585829
36.589033
36.591233
36.591369
36.591627
36.59259
36.59271
36.593192
36.595115
36.595636
36.596087
36.598271
36.599119
36.599666
36.600544
36.600684
36.600861
36.60096
36.60116
36.604377
36.604808
36.60573
36.605832
36.606901
36.607373
36.608246
36.60843
36.608485
36.609218
36.609407
36.609476
36.611168
36.611776
36.612016
36.612793
36.614004
36.614248
36.614405
36.614461
36.614482
36.615617
36.616713
36.616996
36.618112
36.618189
36.620628
36.621703
36.621747
36.624646
36.625519
36.626456
36.628367
36.62972
36.629847
36.630775
36.633413
36.634426
36.635227
36.637694
36.637804
36.644332
36.645935
36.654273
36.656757
36.65676
36.6608
36.66552
36.666841
36.667541
36.669256
36.670681
36.671878
36.672673
36.673029
36.674083
36.674621
36.675018
36.676543
36.676969
36.679105
36.680472
36.681113
36.681821
36.682074
36.682256
36.682706
36.684642
36.685136
36.685391
36.687288
36.687381
36.68785
36.68786
36.689176
36.689748
36.691219
36.69225
36.694866
36.695133
36.695293
36.695668
36.695823
36.696491
36.696553
36.696602
36.697807
36.700164
36.70054
36.700888
36.701253
36.702131
36.702681
36.70305
36.703268
36.70427
36.704761
36.704932
36.705013
36.7054
36.705447
36.7062
36.707005
36.707963
36.7082
36.708307
36.709764
36.710371
36.712132
36.712343
36.712436
36.713577
36.71372
36.714049
36.714661
36.714662
36.714807
36.714982
36.715914
36.716018
36.717277
36.717698
36.717888
36.718729
36.72129
36.724118
36.724228
36.724483
36.725439
36.725486
36.725762
36.725918
36.726411
36.727568
36.729182
36.730108
36.730447
36.730448
36.730625
36.731301
36.731302
36.731829
36.732307
36.732918
36.733069
36.733269
36.733287
36.733332
36.733335
36.733811
36.734531
36.73783
36.738022
36.739205
36.74174
36.742277
36.742763
36.742781
36.74286
36.743473
36.744611
36.744903
36.745102
36.745197
36.746206
36.74743
36.748086
36.749219
36.752108
36.752158
36.753107
36.753169
36.753806
36.755242
36.755246
36.755544
36.755771
36.755838
36.755903
36.75664
36.757572
36.759651
36.760146
36.760399
36.76303
36.763264
36.763764
36.764592
36.764636
36.766896
36.767027
36.767497
36.768103
36.768368
36.768544
36.769466
36.769719
36.770235
36.770343
36.771008
36.772011
36.772051
36.773924
36.774037
36.77472
36.774802
36.775395
36.775765
36.776829
36.777476
36.778013
36.778197
36.778233
36.778843
36.779753
36.780422
36.78063
36.780824
36.784934
36.786021
36.786494
36.786688
36.786911
36.786946
36.787304
36.787433
36.788018
36.78857
36.788582
36.791243
36.791814
36.793136
36.793403
36.793669
36.793874
36.794076
36.794363
36.794551
36.795602
36.795643
36.799669
36.799821
36.800584
36.800704
36.801133
36.801137
36.801238
36.801339
36.802378
36.802397
36.802421
36.802508
36.802872
36.803964
36.804455
36.805201
36.805542
36.806794
36.807125
36.810697
36.812842
36.813329
36.814724
36.815672
36.815673
36.816493
36.817205
36.817796
36.817835
36.817968
36.818145
36.819273
36.821582
36.82344
36.824568
36.824599
36.824747
36.826259
36.826728
36.826903
36.82729
36.827765
36.829242
36.82943
36.83008
36.830119
36.830161
36.830168
36.830325
36.832326
36.833557
36.833593
36.834259
36.835566
36.836439
36.836441
36.837388
36.838841
36.839767
36.839964
36.840623
36.841338
36.841408
36.842128
36.84214
36.844169
36.844786
36.844884
36.845078
36.846187
36.846474
36.846858
36.84686
36.84757
36.852436
36.852497
36.852828
36.853868
36.853974
36.854198
36.855811
36.856512
36.859124
36.859261
36.859276
36.8595
36.859917
36.861206
36.862209
36.862719
36.864141
36.864877
36.86594
36.868722
36.875233
36.876782
36.878001
36.881187
36.882193
36.889628
36.889674
36.892445
36.899271
36.904626
36.910331
36.910907
36.91344
36.913872
36.914222
36.914566
36.914925
36.916448
36.919255
36.919409
36.921259
36.922399
36.92259
36.923888
36.924595
36.925743
36.926092
36.926143
36.929789
36.931182
36.938295
36.938319
36.938333
36.939625
36.944161
36.945805
36.950116
36.950339
36.952633
36.952863
36.955101
36.958113
36.958192
36.959623
36.960202
36.962083
36.962651
36.964288
36.965
36.965059
36.965623
36.967128
36.970289
36.970939
36.97184
36.972676
36.973256
36.974836
36.975588
36.975645
36.976029
36.977007
36.977334
36.977381
36.977863
36.977915
36.980568
36.981684
36.982852
36.983193
36.983465
36.983644
36.983868
36.983933
36.984176
36.984307
36.984793
36.985017
36.985145
36.985174
36.986451
36.986773
36.986869
36.987064
36.987073
36.987274
36.987611
36.988208
36.989349
36.989433
36.989743
36.992637
36.992645
36.992659
36.992859
36.996352
37.00021
37.000728
37.000761
37.003251
37.003771
37.005452
37.006287
37.007928
37.010529
37.011468
37.01176
37.013148
37.014489
37.015097
37.017663
37.02017
37.021238
37.024565
37.02642
37.029817
37.039655
37.039982
37.040112
37.047846
37.051085
37.051911
37.057824
37.058641
37.058649
37.058651
37.059225
37.061681
37.062215
37.064047
37.064932
37.065341
37.06615
37.067545
37.067817
37.068421
37.069601
37.071045
37.074978
37.081052
37.084
37.088437
37.093495
37.099225
37.107091
37.115877
37.116139
37.118941
37.12222
37.122558
37.123334
37.126738
37.128057
37.129684
37.131623
37.132239
37.135168
37.136003
37.137563
37.148201
37.153855
37.158903
37.161695
37.168378
37.18051
37.195543
37.20009
37.204807
37.20835
37.209319
37.210725
37.210805
37.212103
37.2175
37.220482
37.221032
37.2216
37.222405
37.223827
37.224104
37.226402
37.227108
37.227451
37.228162
37.228252
37.228327
37.228356
37.230191
37.230533
37.231082
37.232536
37.232726
37.233275
37.233313
37.233675
37.235137
37.235275
37.235701
37.235932
37.237788
37.238264
37.239625
37.239847
37.240369
37.240482
37.240674
37.241081
37.241208
37.241697
37.241786
37.242461
37.243233
37.243515
37.243953
37.244061
37.245027
37.245103
37.245418
37.245834
37.247287
37.247349
37.247526
37.247944
37.248443
37.248476
37.248919
37.249092
37.250351
37.250727
37.250839
37.251215
37.254669
37.255263
37.256294
37.256442
37.256729
37.256757
37.256764
37.257043
37.257265
37.258516
37.26013
37.260277
37.260578
37.261262
37.261638
37.261825
37.262241
37.263435
37.263766
37.2642
37.26452
37.264683
37.265233
37.265372
37.267169
37.267283
37.267432
37.267436
37.26981
37.269829
37.270597
37.271183
37.271227
37.271463
37.271824
37.273283
37.276386
37.276762
37.277164
37.277688
37.277925
37.278817
37.279632
37.280554
37.28097
37.281872
37.282032
37.283434
37.283455
37.284244
37.284456
37.284457
37.284642
37.285152
37.285605
37.286349
37.287101
37.287748
37.287941
37.288042
37.288049
37.288059
37.288347
37.288821
37.289773
37.289951
37.290578
37.291198
37.291261
37.291318
37.291472
37.291671
37.291885
37.292094
37.292233
37.292739
37.293375
37.29407
37.294264
37.294487
37.295291
37.295523
37.295915
37.29682
37.297343
37.297767
37.297809
37.29859
37.299033
37.299955
37.300512
37.301014
37.301202
37.301314
37.3016
37.302595
37.302784
37.302824
37.302957
37.303213
37.303283
37.30334
37.30344
37.303717
37.303977
37.304155
37.304267
37.304569
37.304731
37.304751
37.306054
37.306224
37.306296
37.306301
37.306555
37.306956
37.307129
37.307553
37.308131
37.308812
37.309
37.309029
37.309428
37.309816
37.310173
37.310545
37.310633
37.31071
37.310713
37.311042
37.311215
37.311376
37.311538
37.311928
37.31204
37.312375
37.312559
37.313047
37.31309
37.31334
37.313579
37.314792
37.314882
37.314912
37.314944
37.315136
37.315346
37.31536
37.315589
37.315761
37.316396
37.316418
37.318984
37.31937
37.319597
37.31961
37.319949
37.320205
37.320326
37.320438
37.320762
37.320774
37.321091
37.321259
37.321417
37.321691
37.321761
37.321771
37.322098
37.322347
37.323072
37.323546
37.323853
37.324516
37.324745
37.32541
37.325724
37.326361
37.326578
37.326885
37.327211
37.327399
37.327557
37.327656
37.327993
37.328181
37.328191
37.328202
37.328334
37.329209
37.329218
37.32937
37.329462
37.329481
37.329887
37.33043
37.33073
37.330893
37.331173
37.331519
37.33165
37.332085
37.33221
37.332365
37.333085
37.333172
37.334014
37.334158
37.33444
37.336329
37.336411
37.336838
37.337407
37.337647
37.337797
37.338896
37.339021
37.33958
37.33961
37.340076
37.340091
37.340192
37.340312
37.340754
37.341488
37.342104
37.342168
37.342374
37.343102
37.343133
37.343213
37.343354
37.343473
37.344222
37.344541
37.344792
37.344903
37.344922
37.34518
37.345827
37.346519
37.346573
37.346722
37.346828
37.346985
37.34709
37.347315
37.347417
37.347678
37.34836
37.348389
37.348796
37.349802
37.349829
37.350161
37.350359
37.350424
37.350783
37.350871
37.351084
37.351099
37.352331
37.352348
37.352429
37.352607
37.352687
37.352764
37.352912
37.352952
37.352953
37.353118
37.354355
37.354594
37.354655
37.354681
37.354907
37.355147
37.355298
37.355554
37.355687
37.356375
37.356577
37.356843
37.356991
37.357262
37.357265
37.357807
37.358297
37.358603
37.359031
37.359445
37.359574
37.359696
37.36011
37.360197
37.360406
37.360424
37.360924
37.361362
37.362263
37.362969
37.363312
37.363516
37.363867
37.365034
37.36536
37.366269
37.366319
37.366974
37.367002
37.36721
37.367276
37.367283
37.36741
37.367604
37.367781
37.368099
37.36825
37.368398
37.368406
37.368738
37.368753
37.369029
37.369658
37.369791
37.369855
37.370238
37.370465
37.370764
37.370939
37.372302
37.374531
37.375307
37.376239
37.376923
37.376971
37.377946
37.378473
37.379077
37.379335
37.380061
37.38073
37.381192
37.381443
37.381583
37.381857
37.381943
37.38213
37.382359
37.382401
37.383673
37.383909
37.384815
37.385071
37.385082
37.386636
37.386652
37.387462
37.388011
37.388037
37.388127
37.388128
37.388491
37.389072
37.389478
37.390213
37.390215
37.390269
37.391216
37.391364
37.391428
37.392354
37.392559
37.393581
37.393898
37.39455
37.394735
37.394807
37.395261
37.396124
37.396163
37.396648
37.39673
37.397079
37.397083
37.397087
37.397395
37.398149
37.398248
37.399975
37.400693
37.40078
37.401637
37.402638
37.402811
37.403691
37.403887
37.404186
37.40484
37.40526
37.407661
37.407701
37.408382
37.410344
37.410621
37.410656
37.413435
37.414339
37.414786
37.41728
37.41815
37.418801
37.41964
37.421523
37.424814
37.425047
37.425612
37.426821
37.427956
37.428578
37.430408
37.430487
37.43069
37.430916
37.431257
37.43317
37.433575
37.435586
37.435925
37.436036
37.436249
37.437793
37.438134
37.438607
37.439265
37.439495
37.440014
37.44071
37.443044
37.443143
37.445828
37.4496
37.451593
37.452521
37.453635
37.453963
37.454034
37.454991
37.456154
37.458115
37.458326
37.458943
37.458969
37.459455
37.459714
37.459919
37.460247
37.460409
37.460829
37.461371
37.462073
37.462197
37.462225
37.463249
37.463276
37.463584
37.464182
37.464953
37.466811
37.467025
37.467512
37.468619
37.468918
37.469633
37.469654
37.469855
37.471492
37.472653
37.472919
37.473045
37.473384
37.473593
37.473786
37.474492
37.475503
37.476229
37.476256
37.476735
37.477281
37.478019
37.478096
37.478261
37.478913
37.480015
37.480808
37.481783
37.482156
37.482264
37.482878
37.483553
37.485445
37.486738
37.48716
37.487616
37.489221
37.490116
37.490439
37.491493
37.491661
37.492039
37.494028
37.494309
37.496028
37.496287
37.496501
37.497024
37.497192
37.498999
37.499687
37.500041
37.500042
37.501042
37.503841
37.503987
37.505105
37.506196
37.506345
37.507815
37.508602
37.509979
37.511273
37.513516
37.515114
37.515619
37.515966
37.517403
37.518994
37.519335
37.519343
37.519908
37.520625
37.520633
37.522502
37.522813
37.523475
37.523601
37.523753
37.524403
37.525655
37.525707
37.525796
37.526589
37.527876
37.528147
37.528165
37.528195
37.528581
37.528633
37.529002
37.529302
37.529485
37.529614
37.530051
37.530382
37.530687
37.530902
37.531729
37.532205
37.532611
37.533704
37.535071
37.535168
37.535979
37.536298
37.536635
37.536994
37.537954
37.538461
37.538576
37.539006
37.539123
37.539521
37.539633
37.53972
37.540055
37.541784
37.542056
37.542204
37.542293
37.542308
37.542378
37.543147
37.543329
37.543972
37.544721
37.544959
37.545131
37.545155
37.545507
37.545538
37.545657
37.546339
37.5469
37.547042
37.548195
37.548229
37.548666
37.549335
37.549965
37.550321
37.550384
37.551273
37.551718
37.552088
37.552564
37.552625
37.553278
37.553416
37.555767
37.556264
37.557329
37.557345
37.557711
37.558163
37.560113
37.560326
37.560347
37.560441
37.560764
37.561047
37.561285
37.562211
37.562877
37.565347
37.565469
37.565938
37.566171
37.566658
37.566797
37.56717
37.56815
37.568812
37.569842
37.570401
37.572257
37.573168
37.574523
37.574692
37.575309
37.575595
37.576092
37.576325
37.576774
37.576985
37.577028
37.577036
37.577211
37.57906
37.579094
37.579742
37.579889
37.580678
37.580858
37.582181
37.582652
37.582869
37.584514
37.584735
37.585342
37.585704
37.587321
37.587834
37.587906
37.587964
37.58802
37.588631
37.590541
37.590801
37.590855
37.591274
37.591736
37.591861
37.592074
37.592602
37.593848
37.594015
37.594429
37.594688
37.594844
37.595117
37.595171
37.5956
37.595937
37.596394
37.597625
37.597737
37.597827
37.598252
37.598421
37.598782
37.599544
37.601866
37.601868
37.602038
37.602121
37.602311
37.602541
37.602553
37.603247
37.605744
37.605888
37.609015
37.609177
37.612079
37.612178
37.612821
37.613023
37.613653
37.613808
37.613906
37.614077
37.614782
37.614833
37.615194
37.615456
37.616047
37.617173
37.619215
37.619721
37.620327
37.622817
37.623746
37.62378
37.624106
37.624378
37.624434
37.624449
37.624768
37.624806
37.625547
37.626335
37.627239
37.627524
37.630175
37.630699
37.631473
37.63263
37.63523
37.636315
37.636493
37.636724
37.637527
37.637824
37.637874
37.63804
37.638269
37.638305
37.6385
37.638665
37.638918
37.638992
37.639201
37.639284
37.639632
37.639937
37.640077
37.640139
37.640315
37.640868
37.640946
37.641227
37.641537
37.641958
37.642222
37.642764
37.642831
37.643003
37.64306
37.643073
37.643516
37.644223
37.645162
37.646129
37.646131
37.647071
37.64764
37.648039
37.649686
37.649795
37.65049
37.650967
37.651391
37.651577
37.651791
37.651973
37.652966
37.653059
37.653214
37.654096
37.654152
37.654552
37.655429
37.655466
37.656149
37.656458
37.656796
37.656973
37.657233
37.657317
37.657377
37.657811
37.658204
37.658485
37.65869
37.659001
37.660483
37.660513
37.660622
37.661013
37.662154
37.662192
37.66221
37.662628
37.662696
37.662712
37.663045
37.663338
37.663438
37.663487
37.663581
37.664362
37.664382
37.665671
37.665925
37.665932
37.666072
37.666786
37.6677
37.667936
37.668039
37.66804
37.66812
37.668353
37.668577
37.668604
37.668634
37.669376
37.669524
37.669577
37.669628
37.669814
37.670259
37.670832
37.671747
37.671843
37.67188
37.672315
37.67232
37.672576
37.672736
37.672739
37.672914
37.67307
37.673212
37.67354
37.674314
37.67442
37.674551
37.675032
37.675068
37.675289
37.675671
37.6762
37.676562
37.67657
37.676732
37.677019
37.677406
37.67811
37.678139
37.678346
37.67867
37.678935
37.679195
37.680493
37.680495
37.680567
37.68061
37.680727
37.680777
37.680807
37.681065
37.681076
37.681172
37.68159
37.682415
37.682929
37.683183
37.683371
37.683854
37.683972
37.684717
37.684751
37.684979
37.685068
37.685518
37.685531
37.685784
37.686386
37.686744
37.686807
37.686809
37.687147
37.687217
37.6873
37.687895
37.687912
37.687921
37.687972
37.688393
37.688827
37.688841
37.688898
37.689042
37.689071
37.690087
37.690416
37.691206
37.691329
37.692149
37.692462
37.692535
37.693425
37.693987
37.694383
37.694695
37.694731
37.694755
37.694971
37.695034
37.695055
37.695629
37.695992
37.696192
37.696258
37.696395
37.697829
37.69806
37.698133
37.698178
37.698304
37.6984
37.698808
37.698822
37.699023
37.699062
37.699615
37.699644
37.700279
37.700297
37.700552
37.700573
37.700851
37.701942
37.703911
37.704164
37.704264
37.7045
37.704954
37.705047
37.705293
37.705326
37.705446
37.705597
37.706265
37.706728
37.70678
37.706929
37.707129
37.707161
37.707201
37.707234
37.707363
37.707815
37.707964
37.708347
37.70901
37.709039
37.709588
37.7096
37.709609
37.709867
37.709964
37.710351
37.710535
37.711394
37.711733
37.711801
37.712049
37.712181
37.712462
37.712559
37.712683
37.712859
37.713036
37.71332
37.713829
37.714364
37.714409
37.714761
37.715207
37.715301
37.715305
37.715738
37.715849
37.7159
37.716042
37.716152
37.716194
37.717789
37.718311
37.718409
37.718565
37.718571
37.718585
37.718769
37.718773
37.71901
37.719567
37.719714
37.719859
37.720307
37.720649
37.720752
37.72086
37.721225
37.721329
37.721441
37.721673
37.721788
37.721804
37.722188
37.722221
37.72275
37.723192
37.723242
37.724374
37.7249
37.725031
37.725395
37.725815
37.726443
37.726986
37.727861
37.727879
37.727901
37.727939
37.727953
37.728061
37.72815
37.728373
37.72838
37.728644
37.728666
37.729147
37.729159
37.729212
37.729478
37.729479
37.729588
37.729688
37.730239
37.730292
37.730615
37.730765
37.731478
37.731615
37.731756
37.732386
37.732495
37.732749
37.73309
37.733166
37.733615
37.733745
37.733773
37.733861
37.734932
37.735099
37.735184
37.735391
37.735553
37.735679
37.735913
37.735938
37.736013
37.736358
37.736936
37.736939
37.737087
37.737134
37.737205
37.737272
37.737393
37.737427
37.737881
37.737891
37.738034
37.738104
37.738647
37.738663
37.738923
37.739179
37.739203
37.739479
37.739485
37.739665
37.73971
37.740654
37.740867
37.741437
37.742213
37.742368
37.742783
37.743125
37.74313
37.743445
37.743709
37.744035
37.744661
37.744868
37.745064
37.745464
37.745535
37.746061
37.746128
37.74616
37.746189
37.746357
37.746479
37.746711
37.746929
37.747026
37.747446
37.74772
37.74797
37.748025
37.748734
37.748875
37.749329
37.749397
37.749549
37.75018
37.750377
37.750659
37.750696
37.750858
37.751356
37.751435
37.751575
37.751592
37.751614
37.751661
37.751858
37.751879
37.751901
37.751927
37.751987
37.752031
37.752723
37.75307
37.753093
37.753296
37.753366
37.753491
37.753753
37.753804
37.753838
37.75396
37.754174
37.75441
37.754438
37.754667
37.75467
37.754837
37.754967
37.755234
37.755541
37.756175
37.756253
37.756815
37.757183
37.757285
37.757402
37.757403
37.757576
37.757731
37.757877
37.75799
37.758366
37.758539
37.758681
37.758713
37.75899
37.759115
37.759189
37.759258
37.759323
37.759634
37.759671
37.759955
37.76027
37.760484
37.760497
37.760512
37.760654
37.761026
37.761406
37.761481
37.761504
37.761514
37.761604
37.761633
37.76198
37.76204
37.762336
37.763223
37.763291
37.76339
37.76351
37.763674
37.763805
37.763831
37.763864
37.764
37.764062
37.764248
37.764389
37.764442
37.764463
37.764604
37.764799
37.764984
37.765082
37.765243
37.765278
37.765381
37.765825
37.766109
37.766504
37.766683
37.766739
37.766876
37.766942
37.766975
37.767198
37.767375
37.7676
37.767625
37.768068
37.769179
37.769466
37.769539
37.769866
37.770467
37.770809
37.770818
37.770959
37.771089
37.771348
37.771468
37.771714
37.771722
37.771786
37.771904
37.772057
37.772168
37.772381
37.772871
37.772917
37.773002
37.77327
37.773337
37.773418
37.773607
37.773694
37.77398
37.774275
37.77429
37.774338
37.774478
37.775042
37.775241
37.775273
37.775336
37.775355
37.775462
37.775502
37.775689
37.775737
37.775844
37.775849
37.775905
37.776174
37.776238
37.776383
37.777092
37.777371
37.777507
37.778011
37.778143
37.778512
37.77863
37.778866
37.779029
37.779094
37.779125
37.779131
37.779322
37.779357
37.779642
37.779689
37.779937
37.780133
37.780182
37.78033
37.780374
37.780431
37.780675
37.780741
37.780882
37.781632
37.781693
37.781694
37.781788
37.781841
37.781884
37.782274
37.782283
37.782316
37.782402
37.782734
37.782967
37.783037
37.783175
37.783419
37.783602
37.783921
37.784103
37.78437
37.785015
37.785113
37.78533
37.785644
37.785834
37.786077
37.786711
37.787227
37.787352
37.787655
37.788085
37.788397
37.788445
37.788654
37.788719
37.788795
37.789553
37.789694
37.789785
37.78987
37.789916
37.790081
37.790303
37.790813
37.790873
37.791302
37.791937
37.792043
37.792249
37.792321
37.792652
37.792673
37.793081
37.793458
37.793528
37.793619
37.793849
37.793906
37.794383
37.794583
37.794615
37.794696
37.794758
37.794769
37.794904
37.79495
37.795337
37.795339
37.79556
37.795925
37.796214
37.796426
37.79647
37.796726
37.796775
37.79678
37.797011
37.797243
37.797339
37.797353
37.797499
37.797609
37.79763
37.797954
37.798156
37.798224
37.798341
37.798531
37.798613
37.798738
37.799206
37.799237
37.799407
37.799475
37.799487
37.799546
37.799551
37.799562
37.799644
37.79998
37.800095
37.80018
37.800271
37.800447
37.800458
37.800464
37.80062
37.800806
37.801334
37.801475
37.801747
37.801953
37.801956
37.802064
37.802078
37.802211
37.803119
37.803396
37.803602
37.804485
37.804557
37.804731
37.805383
37.805778
37.806023
37.806718
37.80672
37.806889
37.807327
37.807374
37.807386
37.807924
37.808174
37.808422
37.808791
37.809411
37.809672
37.810934
37.811079
37.811288
37.811416
37.811418
37.812093
37.812097
37.812463
37.812483
37.813007
37.813758
37.814213
37.815011
37.815391
37.816932
37.817609
37.817746
37.817956
37.818134
37.818647
37.818827
37.819045
37.819188
37.819276
37.819804
37.82014
37.820394
37.82062
37.821819
37.822698
37.822831
37.822905
37.822976
37.82307
37.823165
37.823246
37.823419
37.82399
37.82431
37.82496
37.825192
37.825213
37.825825
37.826309
37.826492
37.826669
37.828802
37.829019
37.829363
37.830487
37.831061
37.831687
37.832134
37.833125
37.833202
37.833503
37.834084
37.834119
37.834731
37.834815
37.835388
37.836132
37.836415
37.836524
37.836816
37.83762
37.837749
37.837909
37.839022
37.839897
37.839907
37.840508
37.842598
37.842615
37.842868
37.845047
37.845847
37.846206
37.846934
37.847106
37.847405
37.84761
37.848842
37.849034
37.850477
37.85051
37.851294
37.85222
37.853095
37.853918
37.854076
37.856021
37.857296
37.857367
37.857809
37.857959
37.858525
37.85865
37.85904
37.859604
37.859708
37.86127
37.861439
37.862194
37.863285
37.863317
37.864094
37.864677
37.865149
37.865361
37.86641
37.866647
37.868067
37.868655
37.868925
37.869242
37.869372
37.872397
37.872529
37.874316
37.875374
37.876372
37.876891
37.87725
37.878906
37.879167
37.879822
37.881858
37.882417
37.882798
37.884273
37.88482
37.885887
37.887217
37.887464
37.88751
37.887646
37.887679
37.888418
37.88895
37.88971
37.890612
37.89141
37.89259
37.892824
37.893007
37.893166
37.893229
37.894187
37.894696
37.895662
37.896549
37.896613
37.897482
37.897621
37.897675
37.897772
37.898063
37.899573
37.899575
37.900844
37.901243
37.901799
37.902106
37.902121
37.902781
37.903021
37.903036
37.90439
37.904924
37.905045
37.906109
37.906269
37.906899
37.906911
37.90737
37.90752
37.90786
37.908287
37.908348
37.908853
37.909015
37.911232
37.911512
37.911569
37.913264
37.914182
37.91595
37.91746
37.917637
37.918004
37.91834
37.91837
37.91892
37.919154
37.919587
37.919872
37.920421
37.9215
37.921665
37.922088
37.922857
37.923889
37.923902
37.924276
37.924323
37.925431
37.925914
37.926317
37.92771
37.927768
37.927889
37.927933
37.928088
37.928509
37.928696
37.928876
37.92898
37.929387
37.929924
37.930287
37.930349
37.930438
37.930557
37.931091
37.931419
37.931557
37.932034
37.932545
37.933544
37.933985
37.933986
37.934205
37.934207
37.934243
37.934279
37.934326
37.934458
37.934591
37.934618
37.935363
37.935394
37.935458
37.935671
37.935685
37.935794
37.937038
37.937207
37.937482
37.937838
37.937996
37.937999
37.938011
37.938134
37.938287
37.938303
37.938588
37.938959
37.939293
37.939844
37.939933
37.939966
37.940468
37.941161
37.941282
37.94261
37.942731
37.942889
37.943562
37.943564
37.943848
37.944461
37.944759
37.945132
37.945284
37.946296
37.947349
37.947562
37.947862
37.947944
37.948389
37.94849
37.94914
37.949264
37.950323
37.950676
37.950703
37.950895
37.951613
37.952185
37.952654
37.952692
37.952756
37.95282
37.953675
37.953748
37.953943
37.954028
37.954177
37.954353
37.954513
37.954561
37.954569
37.95461
37.954682
37.955685
37.956141
37.956211
37.957231
37.957521
37.958063
37.958312
37.958475
37.958496
37.959372
37.959562
37.960039
37.960338
37.960652
37.961273
37.961428
37.962254
37.962278
37.963082
37.96314
37.963764
37.963766
37.964186
37.964453
37.964461
37.964777
37.964801
37.964942
37.965061
37.965423
37.965447
37.965932
37.96596
37.966467
37.966624
37.966669
37.966721
37.967066
37.967116
37.967186
37.967266
37.967516
37.967537
37.96756
37.96767
37.968313
37.968545
37.968859
37.96919
37.969221
37.969308
37.969472
37.97023
37.970255
37.970467
37.970945
37.971129
37.97115
37.971387
37.971735
37.971754
37.972228
37.972379
37.973722
37.974342
37.97437
37.974785
37.974818
37.975219
37.975273
37.975315
37.975787
37.97582
37.976142
37.976366
37.976385
37.976753
37.977054
37.977161
37.977259
37.978085
37.978124
37.978184
37.978204
37.978666
37.978706
37.978734
37.978794
37.979424
37.979468
37.979488
37.979965
37.980278
37.980303
37.980743
37.980968
37.981383
37.981439
37.981913
37.982119
37.982218
37.982342
37.982525
37.982675
37.98295
37.983203
37.983224
37.983305
37.983484
37.983631
37.984225
37.984686
37.985569
37.985572
37.985588
37.985679
37.98576
37.98583
37.986034
37.986456
37.986568
37.987567
37.987895
37.988787
37.98917
37.989272
37.990132
37.990756
37.990899
37.99097
37.991035
37.991386
37.992404
37.993586
37.994053
37.994269
37.994848
37.994983
37.995018
37.995187
37.995443
37.995449
37.99596
37.996371
37.996799
37.997043
37.997539
37.997579
37.998597
37.999169
37.999318
37.999359
37.999845
37.999991
38.000042
38.000357
38.000558
38.000619
38.000639
38.000686
38.00073
38.000812
38.001094
38.001159
38.001453
38.002293
38.002524
38.002605
38.002692
38.00281
38.00288
38.003175
38.003566
38.003815
38.003891
38.004461
38.004781
38.005158
38.005577
38.005974
38.006045
38.00632
38.006843
38.006909
38.006975
38.00723
38.007471
38.007723
38.007757
38.007809
38.007884
38.007924
38.008064
38.008538
38.0087
38.008897
38.009234
38.009261
38.009825
38.0104
38.010523
38.011185
38.01193
38.011988
38.012482
38.013361
38.013459
38.013512
38.014593
38.015113
38.01552
38.017093
38.017419
38.017743
38.017871
38.018704
38.019165
38.019455
38.019479
38.020016
38.020074
38.020641
38.022733
38.023023
38.023372
38.024525
38.025839
38.026477
38.026756
38.02697
38.027056
38.028085
38.028907
38.028917
38.029087
38.0291
38.029197
38.029305
38.030959
38.032075
38.033322
38.034344
38.034386
38.034987
38.035402
38.035684
38.03591
38.036009
38.037061
38.037066
38.037579
38.038544
38.040063
38.041683
38.041697
38.044839
38.04508
38.046026
38.046162
38.046454
38.046695
38.049037
38.049151
38.049727
38.049963
38.051071
38.051877
38.052753
38.053385
38.053746
38.057316
38.059083
38.061519
38.064203
38.066178
38.069161
38.069572
38.0715
38.074469
38.074552
38.075563
38.075997
38.079472
38.080174
38.080357
38.08521
38.085378
38.085857
38.087218
38.09063
38.092248
38.093751
38.095364
38.098047
38.098399
38.098414
38.098584
38.098745
38.099081
38.100543
38.101394
38.103344
38.103896
38.104296
38.105494
38.105639
38.106034
38.107174
38.107876
38.10875
38.109024
38.109932
38.110568
38.112186
38.112665
38.114163
38.11466
38.117095
38.11786
38.119238
38.119967
38.120165
38.122153
38.122703
38.126334
38.126692
38.127998
38.128847
38.131252
38.13287
38.133057
38.133455
38.133635
38.134078
38.134353
38.136127
38.137918
38.138311
38.142891
38.143226
38.14629
38.147462
38.148544
38.149435
38.149508
38.150337
38.151265
38.151801
38.154104
38.154524
38.160805
38.161626
38.165472
38.168339
38.169874
38.169993
38.172532
38.173897
38.175745
38.184157
38.184992
38.188697
38.189063
38.190522
38.191895
38.198063
38.19904
38.199275
38.199662
38.201889
38.209481
38.218323
38.221029
38.222827
38.226034
38.226673
38.227366
38.228003
38.22835
38.229601
38.231888
38.233372
38.234333
38.234624
38.235055
38.235981
38.238363
38.238414
38.240058
38.240073
38.240574
38.24156
38.242947
38.243416
38.24384
38.244122
38.244199
38.244217
38.245275
38.246382
38.24705
38.248588
38.249315
38.250184
38.251103
38.251502
38.251556
38.251636
38.253705
38.25457
38.254625
38.255008
38.255757
38.256191
38.258198
38.258928
38.259839
38.260286
38.26198
38.262683
38.263849
38.264369
38.265366
38.265608
38.266063
38.266309
38.267294
38.267328
38.267403
38.26858
38.269339
38.271353
38.272008
38.27222
38.273559
38.27358
38.274479
38.27467
38.275222
38.275301
38.275848
38.277185
38.277633
38.278083
38.27899
38.279861
38.280079
38.280252
38.281178
38.281294
38.281799
38.282265
38.28249
38.28277
38.282944
38.283178
38.283295
38.28388
38.283909
38.284068
38.285247
38.285666
38.286325
38.287688
38.288719
38.289872
38.290059
38.2909
38.294449
38.295609
38.296639
38.297265
38.298436
38.300601
38.301503
38.304821
38.305049
38.306951
38.308064
38.309333
38.309373
38.309858
38.310338
38.313858
38.315779
38.317016
38.317435
38.322677
38.322823
38.325262
38.325865
38.326433
38.326807
38.329002
38.329195
38.330335
38.33321
38.333377
38.334298
38.334362
38.334687
38.33501
38.3357
38.336541
38.336615
38.337953
38.339084
38.339958
38.340105
38.340241
38.340349
38.340705
38.342338
38.346068
38.346293
38.347878
38.347989
38.348631
38.350674
38.35116
38.35155
38.351598
38.351613
38.35247
38.352851
38.353365
38.353685
38.355046
38.357959
38.358743
38.35906
38.362673
38.363358
38.364589
38.364953
38.370765
38.375458
38.377172
38.382761
38.382929
38.389178
38.391054
38.391627
38.393823
38.394412
38.394793
38.395457
38.397992
38.398306
38.398797
38.398814
38.398999
38.399512
38.400397
38.400407
38.400683
38.401014
38.401505
38.402173
38.403806
38.404328
38.405996
38.406326
38.406654
38.406771
38.407329
38.408853
38.409071
38.409849
38.41252
38.413
38.414464
38.416016
38.416136
38.416253
38.417474
38.417724
38.417951
38.418018
38.41865
38.418813
38.419564
38.419946
38.42002
38.420716
38.420815
38.423709
38.425435
38.426506
38.427436
38.42857
38.429161
38.42951
38.43017
38.430636
38.430893
38.432711
38.43307
38.434351
38.43493
38.435601
38.437492
38.437554
38.437847
38.43834
38.43904
38.440998
38.441091
38.441288
38.44155
38.441743
38.441936
38.442043
38.44331
38.444034
38.444348
38.444909
38.445394
38.446529
38.446814
38.447567
38.447585
38.447725
38.448449
38.448451
38.448611
38.449063
38.449675
38.449689
38.449804
38.449857
38.451668
38.451894
38.453374
38.453828
38.454738
38.455597
38.456877
38.459133
38.459653
38.45999
38.460548
38.461792
38.46181
38.461909
38.462047
38.46387
38.464697
38.465097
38.465344
38.465996
38.46602
38.466197
38.46623
38.468136
38.468506
38.469809
38.470572
38.471132
38.471473
38.471616
38.471723
38.472223
38.473291
38.47332
38.473609
38.473956
38.474274
38.475941
38.476456
38.476878
38.476926
38.479187
38.479452
38.479936
38.480823
38.480971
38.48108
38.481331
38.481635
38.481841
38.482084
38.482338
38.484381
38.484546
38.485939
38.486399
38.487005
38.488231
38.488286
38.488737
38.490175
38.490337
38.490366
38.492001
38.492587
38.492714
38.493179
38.493198
38.493536
38.494505
38.495834
38.49667
38.497131
38.498755
38.500846
38.500904
38.501734
38.502105
38.502263
38.502321
38.502514
38.504263
38.504424
38.504487
38.505336
38.506773
38.506938
38.507567
38.508036
38.509258
38.51015
38.510553
38.512902
38.513658
38.514274
38.51588
38.516034
38.516054
38.517135
38.518559
38.518879
38.521166
38.521406
38.521931
38.522536
38.525052
38.526859
38.526997
38.527281
38.527811
38.527921
38.528549
38.529796
38.530109
38.530825
38.53104
38.533397
38.533574
38.534025
38.534042
38.535595
38.537816
38.539685
38.540957
38.541167
38.54118
38.541313
38.541451
38.541559
38.542083
38.542748
38.543789
38.544158
38.544218
38.544382
38.544612
38.544623
38.544896
38.545726
38.545997
38.546916
38.547116
38.547563
38.548108
38.548454
38.54892
38.549471
38.54999
38.550678
38.551228
38.551773
38.55248
38.552561
38.552593
38.552653
38.552823
38.553199
38.553819
38.554327
38.554679
38.55478
38.555186
38.55531
38.555568
38.55583
38.556545
38.556708
38.55705
38.557111
38.557192
38.557241
38.55761
38.557689
38.56047
38.560617
38.560831
38.562257
38.562463
38.564776
38.564869
38.564991
38.565776
38.566787
38.567077
38.567675
38.567916
38.568626
38.569814
38.56983
38.569878
38.570255
38.57136
38.571764
38.572814
38.574012
38.574151
38.575283
38.577155
38.577632
38.578192
38.578507
38.579344
38.581499
38.58265
38.583103
38.583372
38.585699
38.585813
38.587997
38.588569
38.588915
38.58983
38.590769
38.590835
38.592045
38.594385
38.594846
38.596198
38.596419
38.59661
38.596665
38.597426
38.599058
38.599469
38.599873
38.600082
38.601892
38.60275
38.602801
38.603108
38.605146
38.605344
38.605472
38.605738
38.607334
38.608256
38.609906
38.609958
38.610152
38.61017
38.610223
38.610638
38.61073
38.61086
38.612671
38.612711
38.613354
38.613752
38.613829
38.615039
38.61537
38.615921
38.61715
38.61757
38.617864
38.617925
38.618274
38.618797
38.618816
38.620666
38.621351
38.622254
38.62271
38.623139
38.623399
38.623412
38.624223
38.624404
38.624568
38.625719
38.626062
38.627566
38.628209
38.628426
38.629744
38.631897
38.632012
38.632798
38.632852
38.632876
38.633171
38.633254
38.634023
38.634217
38.634702
38.634726
38.634856
38.635177
38.635945
38.636462
38.637187
38.637731
38.638243
38.640051
38.641501
38.641661
38.642558
38.64325
38.644036
38.644918
38.646892
38.647179
38.647859
38.648043
38.649454
38.649465
38.649981
38.650169
38.650191
38.650481
38.651862
38.653117
38.653877
38.653926
38.653977
38.654575
38.654718
38.655088
38.655539
38.655901
38.655934
38.657323
38.6579
38.658029
38.658044
38.658369
38.658389
38.658993
38.659058
38.659873
38.659979
38.660034
38.660627
38.661055
38.662147
38.662187
38.662862
38.663896
38.664207
38.664332
38.665848
38.665989
38.666292
38.666504
38.667311
38.667752
38.667838
38.6687
38.668714
38.669028
38.669319
38.669812
38.670273
38.6706
38.670662
38.670904
38.670954
38.671591
38.671775
38.672714
38.673014
38.673199
38.673204
38.673222
38.673783
38.674345
38.674366
38.674511
38.674576
38.674643
38.675129
38.676042
38.676108
38.676663
38.677828
38.678347
38.678358
38.67854
38.678565
38.67885
38.678924
38.679428
38.679575
38.679866
38.68
38.68019
38.680607
38.680742
38.681061
38.681119
38.681822
38.682091
38.682762
38.684004
38.684303
38.684577
38.684783
38.684788
38.68479
38.684792
38.684805
38.684847
38.68496
38.685046
38.685241
38.686458
38.686596
38.686734
38.686862
38.686887
38.68805
38.688705
38.688755
38.690166
38.690869
38.691519
38.69193
38.692046
38.692417
38.692667
38.693061
38.693385
38.694072
38.696024
38.69676
38.696921
38.697123
38.69773
38.697896
38.698146
38.698384
38.698752
38.698938
38.699272
38.700187
38.700679
38.700958
38.701107
38.701738
38.702513
38.705743
38.706213
38.707
38.707061
38.707518
38.707579
38.70987
38.710218
38.710673
38.710849
38.710965
38.712266
38.71394
38.717094
38.719042
38.71912
38.719686
38.720202
38.720248
38.720711
38.720785
38.721447
38.72181
38.721979
38.723188
38.725448
38.726789
38.727633
38.727676
38.727918
38.728778
38.729233
38.730615
38.731043
38.731801
38.731927
38.732011
38.732425
38.732446
38.732458
38.734454
38.735721
38.736379
38.736551
38.737266
38.737333
38.737457
38.738603
38.739944
38.747389
38.748001
38.750316
38.750423
38.751383
38.751934
38.752721
38.75286
38.754016
38.755097
38.755814
38.756233
38.756372
38.757743
38.757803
38.757944
38.758228
38.7583
38.759318
38.760529
38.762233
38.764668
38.769428
38.772252
38.773471
38.77472
38.775849
38.777173
38.777366
38.777744
38.778811
38.780524
38.783825
38.787235
38.787647
38.787711
38.789392
38.790461
38.791139
38.793261
38.795097
38.795163
38.79522
38.796926
38.798235
38.801955
38.802264
38.802455
38.802821
38.804056
38.806211
38.807446
38.809474
38.809863
38.811033
38.811783
38.811999
38.812052
38.813507
38.815339
38.815653
38.818613
38.819924
38.821188
38.822017
38.823734
38.827499
38.828095
38.830061
38.830394
38.8429
38.846299
38.849179
38.854735
38.860207
38.868223
38.870692
38.871822
38.871911
38.87394
38.875067
38.878213
38.887061
38.8876
38.889013
38.894251
38.895195
38.89608
38.896261
38.897697
38.9016
38.901707
38.906804
38.906828
38.906857
38.908487
38.909132
38.909964
38.911795
38.912449
38.913176
38.913757
38.914403
38.914915
38.914992
38.918346
38.921103
38.932566
38.932679
38.93383
38.935346
38.935821
38.937337
38.937957
38.941694
38.941982
38.942051
38.949349
38.952328
38.960014
38.972044
38.974086
38.974317
38.974475
38.977961
38.982552
38.992188
39.002627
39.006431
39.009094
39.01105
39.011116
39.011239
39.011385
39.011793
39.012004
39.014221
39.014561
39.015667
39.016231
39.028546
39.034505
39.044044
39.046881
39.05026
39.050983
39.051179
39.059339
39.059345
39.059346
39.059348
39.070056
39.076152
39.080984
39.083296
39.083625
39.086159
39.08852
39.094002
39.102394
39.104417
39.10663
39.107284
39.111862
39.118737
39.119801
39.123124
39.123448
39.12365
39.123842
39.124278
39.126074
39.128172
39.128198
39.129751
39.133226
39.133976
39.134097
39.134316
39.134826
39.137949
39.13807
39.138161
39.139267
39.139771
39.140463
39.141548
39.144464
39.144524
39.145972
39.146852
39.146888
39.147097
39.147163
39.148326
39.149713
39.149826
39.152141
39.152549
39.152795
39.153663
39.154569
39.155012
39.155201
39.155248
39.156645
39.157259
39.157644
39.158552
39.159462
39.160157
39.160668
39.16129
39.161391
39.161654
39.161843
39.161881
39.162756
39.163613
39.163936
39.16453
39.165507
39.166164
39.167254
39.174001
39.19504
39.198786
39.200812
39.207559
39.207595
39.210533
39.210841
39.210849
39.215077
39.21517
39.215365
39.221654
39.22228
39.22272
39.232951
39.233857
39.235833
39.240002
39.240108
39.243366
39.244827
39.248259
39.25092
39.253893
39.254828
39.255202
39.255395
39.255547
39.265183
39.26529
39.267553
39.275977
39.276146
39.276155
39.276269
39.27732
39.280217
39.324302
39.325084
39.335541
39.337569
39.345211
39.35893
39.36284
39.362864
39.362926
39.363155
39.365152
39.367055
39.380669
39.389348
39.393725
39.399339
39.400369
39.401555
39.406422
39.41003
39.411958
39.412431
39.414435
39.415051
39.416047
39.417139
39.421927
39.435879
39.43626
39.43643
39.436616
39.438027
39.43966
39.448296
39.452922
39.473314
39.475424
39.480425
39.481979
39.49797
39.498283
39.500393
39.503636
39.505259
39.505961
39.509616
39.511122
39.512709
39.513065
39.513164
39.513219
39.513495
39.514148
39.517786
39.517935
39.519799
39.521125
39.521302
39.521347
39.522412
39.524454
39.525546
39.526
39.527031
39.527204
39.561318
39.607093
39.612559
39.646065
39.646082
39.64625
39.674906
39.67716
39.679522
39.685221
39.716777
39.723495
39.724058
39.725612
39.726044
39.733504
39.733628
39.734
39.735101
39.73631
39.73826
39.738422
39.738667
39.739052
39.740073
39.741421
39.7419
39.743328
39.744167
39.745709
39.746279
39.747368
39.747542
39.749298
39.749567
39.750733
39.750872
39.751086
39.752141
39.752153
39.754052
39.75438
39.755781
39.756981
39.758612
39.758629
39.759571
39.761017
39.761094
39.76207
39.764239
39.77243
39.775353
39.778896
39.780336
39.783526
39.806148
39.81407
39.853002
39.90553
39.912742
39.920665
39.922129
39.926468
39.931461
39.933398
39.935007
39.935938
39.93896
40.02029
40.025043
40.026345
40.045298
40.120006
40.139662
40.140621
40.141665
40.143939
40.1572
40.157302
40.157405
40.167453
40.173025
40.173175
40.175149
40.177894
40.177929
40.180248
40.181789
40.185828
40.301195
40.302505
40.302566
40.306391
40.321362
40.386243
40.386721
40.390599
40.407632
40.416762
40.418718
40.423992
40.433938
40.436784
40.441389
40.444368
40.446405
40.446968
40.451721
40.453032
40.474378
40.483411
40.488719
40.501648
40.503335
40.523471
40.524051
40.531769
40.543858
40.546766
40.549302
40.549679
40.551219
40.553817
40.554032
40.55598
40.558285
40.56009
40.561706
40.563444
40.563682
40.563901
40.565309
40.566334
40.568525
40.570897
40.573534
40.575909
40.576254
40.576363
40.5767
40.577958
40.578306
40.580491
40.581696
40.583274
40.584493
40.587375
40.587505
40.588227
40.588691
40.589118
40.589423
40.59129
40.591323
40.592858
40.594023
40.594398
40.59563
40.59578
40.597082
40.597452
40.599414
40.609846
40.618402
40.625526
40.628741
40.630931
40.631119
40.639356
40.641844
40.655649
40.674582
40.677732
40.680349
40.682595
40.697829
40.707583
40.732436
40.732816
40.73465
40.738903
40.758287
40.761519
40.765001
40.766511
40.771025
40.777503
40.778213
40.780565
40.786017
40.787817
40.78977
40.79439
40.822026
40.845518
40.84659
40.856032
40.857432
40.862904
40.872745
40.873682
40.874009
40.875587
40.876966
40.878747
40.880507
40.882387
40.882487
40.884828
40.884845
40.885068
40.890111
40.894707
40.89871
40.900746
40.948754
40.948925
40.951671
40.9562
40.956315
40.976905
40.982749
41.006536
41.046592
41.051248
41.060979
41.120889
41.121393
41.140087
41.157909
41.210414
41.229696
41.253983
41.254795
41.286788
41.29958
41.300956
41.313205
41.318552
41.319806
41.320883
41.425149
41.427926
41.429104
41.459376
41.459379
41.460304
41.487612
41.488601
41.490895
41.491099
41.527229
41.532335
41.603775
41.609119
41.645519
41.709345
41.725142
41.727645
41.728012
41.728142
41.729101
41.736887
41.738514
41.741123
41.750963
41.755888
41.756216
41.764924
41.76666
41.767803
41.767817
41.768486
41.777035
41.784624
41.795908
41.796355
41.809211
41.846817
41.911134
41.94953
41.954415
41.96399
41.964188
64.573154
9.321173
NA
