
10.0
10.1
10.2
10.3
10.5
10.51
10.6
10.8
10.9
100.0
11.0
11.2
11.3
11.5
11.6
11.7
11.8
11.9
110.0
12.0
12.3
12.4
12.649000000000001
12.9
120.0
13.0
13.1
13.2
13.3
13.4
13.6
13.9
14.0
14.3
14.4
15.0
15.2
150.0
16.0
16.2
160.0
17.0
18.0
180.0
19.0
19.2
19.9
20.4
21.0
22.6
23.0
24.0
25.0
26.0
28.0
29.0
41.0
410.0
43.0
44.0
45.0
5.02
5.04
5.05
5.08
5.1
5.12
5.14
5.17
5.19
5.2
5.23
5.29
5.3
5.31
5.35
5.36
5.37
5.38
5.4
5.41
5.42
5.44
5.46
5.47
5.48
5.5
5.51
5.58
5.6
5.66
5.67
5.68
5.7
5.74
5.75
5.8
5.9
5.92
5.93
5.95
5.96
53.0
53.2
6.0
6.05
6.06
6.07
6.09
6.1
6.17
6.18
6.2
6.29
6.3
6.34
6.36
6.38
6.4
6.42
6.49
6.5
6.57
6.6
6.61
6.62
6.63
6.65
6.7
6.76
6.78
6.79
6.8
6.83
6.89
6.9
6.92
6.97
63.4
65.0
7.0
7.01
7.09
7.1
7.11
7.14
7.2
7.28
7.3
7.38
7.4
7.43
7.44
7.48
7.5
7.52
7.53
7.59
7.6
7.655
7.7
7.73
7.8
7.81
7.9
7.98
70.12
8.0
8.04
8.1
8.17
8.2
8.3
8.4
8.5
8.6
8.68
8.69
8.7
8.73
8.8
8.86
8.88
8.9
800.0
86.1
89.0
9.0
9.04
9.1
9.112
9.19
9.2
9.3
9.31
9.4
9.42
9.5
9.52
9.59
9.6
9.609
9.67
9.7
9.8
9.83
9.84
9.9
9.95
92.0
