
10.0
10.005
10.05
10.1
10.2
10.25
10.365
10.4
10.5
10.6
10.65
10.75
10.8
10.9
100.0
11.0
11.05
11.1
11.15
11.2
11.3
11.5
11.6
11.65
11.7
11.9
12.0
12.25
12.3
12.4
12.5
12.75
13.0
13.1
13.3
13.5
13.6
14.0
14.3
14.4
14.5
15.0
15.2
150.0
16.5
17.0
17.65
18.0
19.0
19.9
20.4
20.71
21.0
21.5
24.0
24.8
25.0
26.0
28.0
280.0
32.0
33.0
36.55
41.0
45.0
5.02
5.04
5.05
5.08
5.1
5.12
5.14
5.1549999999999985
5.17
5.19
5.2
5.23
5.29
5.3
5.31
5.35
5.36
5.37
5.38
5.4
5.41
5.42
5.44
5.449999999999998
5.45
5.46
5.47
5.48
5.5
5.51
5.55
5.550000000000002
5.565
5.58
5.6
5.61
5.65
5.66
5.68
5.699999999999998
5.7
5.73
5.74
5.75
5.8
5.84
5.85
5.87
5.9
5.92
5.93
5.95
5.96
5.98
5.9849999999999985
53.2
55.75
6.0
6.05
6.050000000000002
6.06
6.07
6.1
6.13
6.15
6.18
6.2
6.23
6.245
6.25
6.29
6.3
6.300000000000002
6.34
6.35
6.36
6.4
6.42
6.425000000000002
6.449999999999998
6.45
6.49
6.5
6.539999999999999
6.55
6.57
6.6
6.62
6.65
6.66
6.7
6.705
6.75
6.76
6.78
6.79
6.8
6.85
6.89
6.9
6.903
6.92
6.926
6.949999999999998
6.97
63.4
66.0
7.0
7.01
7.05
7.09
7.1
7.11
7.15
7.165
7.199999999999998
7.2
7.25
7.3
7.300000000000002
7.305
7.35
7.4
7.41
7.45
7.48
7.5
7.52
7.53
7.55
7.59
7.6
7.65
7.6549999999999985
7.689999999999999
7.7
7.71
7.73
7.75
7.755
7.7799999999999985
7.8
7.800000000000002
7.85
7.885
7.9
7.95
7.98
8.0
8.03
8.04
8.05
8.1
8.145
8.15
8.17
8.2
8.22
8.289
8.3
8.35
8.350000000000001
8.4
8.42
8.45
8.5
8.55
8.6
8.65
8.68
8.69
8.7
8.8
8.85
8.86
8.88
8.9
8.95
8.975
89.0
9.0
9.05
9.1
9.112
9.15
9.2
9.25
9.3
9.385
9.4
9.42
9.45
9.48
9.5
9.55
9.6
9.65
9.7
9.8
9.84
9.860499999999998
9.9
9.95
92.0
